avg
212
513
52
573
19
2
200
165
130
87
55
60
32
43
5
2
628
153
485
119
816
415
791
18
322
538
158
524
429
25
371
22
19
0
322
258
136
93
101
82
75
59
48
35
40
26
44
45
27
13
1
15
7
2
5
23
3
16
0
5
0
4
0
0
0
1
3
282
521
374
166
59
32
397
5
11
309
195
188
198
557
512
129
37
0
0
236
221
196
153
140
112
83
45
42
4
5
14
11
164
784
20
0
190
178
58
31
29
0
328
239
144
108
45
48
47
40
30
33
31
32
8
4
4
7
3
1
0
10
0
0
183
436
422
59
362
21
358
14
347
286
649
564
185
172
184
543
534
123
450
54
396
18
2
29
27
269
277
265
282
257
153
158
142
122
130
104
115
103
89
56
44
41
27
19
0
0
0
14
1
0
13
0
3
2
9
0
10
1
0
20
207
116
37
0
0
104
456
29
740
452
75
56
155
53
44
31
28
15
18
4
19
7
1
0
9
8
1
4
1029
290
508
105
25
6
92
0
297
258
205
179
144
102
57
50
21
19
8
7
11
3
23
17
11
0
0
190
152
863
104
434
381
20
677
226
558
197
118
108
102
48
416
24
15
341
262
171
157
142
135
116
130
87
88
68
64
41
58
56
54
28
28
37
45
39
17
24
31
25
10
7
4
7
27
17
23
2
0
22
1
5
2
0
11
0
0
3
0
1
0
294
161
210
34
28
139
62
366
354
196
85
47
41
377
241
184
169
174
169
138
84
67
59
46
45
44
12
15
1
526
116
68
47
351
332
203
156
85
31
5
6
1
924
904
146
136
117
78
81
90
792
47
27
46
36
35
31
3
731
675
296
269
240
197
169
542
158
136
104
83
39
34
0
363
13
335
300
293
222
134
137
113
103
70
69
60
44
38
37
31
32
21
11
18
17
6
7
4
14
16
1
0
7
2
615
17
137
3
193
212
188
880
872
105
728
357
520
128
100
0
289
229
187
186
160
148
40
12
9
0
10
515
157
121
114
439
423
31
1
134
0
340
218
220
127
38
43
34
29
33
19
10
0
0
5
0
11
0
0
0
355
201
198
188
163
903
154
473
108
97
78
710
304
287
265
262
254
151
126
107
105
92
93
34
32
6
9
263
162
126
122
64
35
37
38
37
34
24
15
18
9
13
0
23
26
10
6
14
8
11
2
1
0
214
133
95
120
83
48
130
115
44
47
21
296
300
238
146
504
493
0
260
241
178
113
77
95
31
11
9
5
0
0
0
286
148
515
133
799
70
27
1
47
31
296
170
78
47
31
26
13
5
0
0
1
56
1121
130
100
100
97
111
78
64
446
9
3
17
1
1
339
693
270
531
143
124
83
52
37
27
349
274
243
219
210
201
180
165
113
120
116
75
86
80
73
59
67
38
66
49
48
41
35
44
19
48
37
15
16
9
22
11
1
12
0
2
4
0
3
0
1
161
168
89
0
0
310
53
453
31
7
271
213
202
201
97
97
62
41
34
0
2
19
0
6
0
431
166
47
39
638
171
98
354
0
204
210
152
68
38
18
1
0
0
1102
0
206
125
497
133
115
78
60
54
424
400
35
6
2
732
5
573
146
135
94
48
47
12
6
10
5
4
232
218
186
127
139
97
86
76
52
57
29
26
19
27
16
25
16
12
2
12
1
1
0
6
2
28
203
104
286
538
185
111
818
425
35
695
201
178
128
137
117
91
53
57
38
34
1
163
155
127
92
81
74
35
27
0
20
0
362
182
131
81
33
398
1
343
96
0
332
183
108
110
30
26
23
14
6
0
909
143
151
132
443
460
48
15
248
210
487
79
12
10
13
348
2
312
292
280
254
199
210
154
146
140
141
110
114
104
93
74
59
35
31
46
22
37
25
5
16
15
0
0
6
3
22
3
17
4
19
1
4
1
0
1
0
0
1
168
0
14
1
11
1110
305
100
399
32
17
385
344
295
28
194
169
131
82
57
66
31
34
27
5
1
1
0
7
2
168
180
523
88
86
19
11
189
154
149
44
30
41
370
0
276
50
48
28
17
0
0
11
3
0
9
452
300
160
476
94
46
57
753
25
555
449
69
422
419
404
25
15
10
14
20
200
192
121
104
92
52
44
36
37
33
23
22
6
0
0
23
6
11
1
4
406
123
221
120
56
69
14
155
170
714
156
31
369
228
128
111
39
57
56
35
27
7
11
615
161
142
120
840
105
441
385
12
314
81
19
340
288
138
123
59
33
30
11
4
1
20
0
0
0
6
177
185
524
150
867
827
58
415
39
417
32
37
14
376
4
298
294
237
487
120
128
128
59
47
39
394
31
385
2
12
322
178
160
157
129
80
79
79
74
56
42
33
25
16
14
30
8
1
0
6
22
6
6
2
0
14
1
5
528
388
174
512
50
48
17
297
903
136
492
489
750
363
337
652
465
277
88
75
76
42
29
0
329
268
916
116
112
2
331
93
72
49
67
54
53
21
1
1
1
0
160
147
847
106
70
42
52
20
30
375
12
2
361
312
209
174
141
438
91
60
13
35
18
271
229
190
158
150
145
146
107
102
107
105
76
62
68
39
34
26
44
25
10
24
19
2
5
1
10
1
9
14
3
1
2
2
9
2
0
1
0
143
6
4
57
34
94
38
11
639
289
207
51
0
148
115
64
49
45
46
18
32
5
22
599
200
200
134
44
30
652
254
0
17
0
285
245
198
179
162
166
173
121
54
24
3
3
6
12
1
22
951
198
891
485
109
92
788
64
426
33
37
2
1
657
138
511
454
57
48
396
373
19
0
325
329
219
182
195
161
162
174
163
146
123
110
89
90
52
33
61
48
27
40
40
18
21
40
19
9
15
3
2
25
1
6
7
5
7
3
97
311
235
421
256
77
66
33
15
174
871
114
392
1
0
202
308
286
267
248
116
57
61
51
40
33
21
6
25
0
373
179
109
82
427
734
4
707
574
173
411
19
255
185
115
70
58
38
35
21
11
8
0
621
442
58
34
370
676
667
610
231
227
525
178
163
148
423
36
31
5
348
303
300
253
251
210
172
163
159
152
119
128
115
116
96
109
97
76
94
67
81
64
61
67
62
59
46
30
36
37
25
17
10
25
21
2
1
9
0
2
0
1
1
2
481
445
355
60
66
0
62
49
2
1
327
659
561
84
383
27
258
173
137
135
97
81
92
65
12
9
218
124
438
743
16
3
62
32
0
4
172
118
18
10
0
14
12
4
1
305
528
842
817
92
61
44
41
30
376
0
0
0
334
295
254
246
125
114
125
81
53
41
13
21
380
10
302
220
199
172
152
156
154
153
120
82
88
94
78
78
53
47
34
17
17
26
0
1
13
21
1
6
0
1
0
0
9
11
3
196
505
365
203
194
84
80
30
4
14
215
181
501
488
77
18
3
283
221
182
9
323
219
210
122
113
76
92
69
56
52
16
5
18
12
0
1
2
513
69
220
25
36
47
213
102
30
19
17
15
7
0
1
23
2
0
0
572
546
848
103
77
59
756
20
385
7
736
3
340
352
301
256
232
193
540
544
183
155
127
62
54
422
395
34
380
1
309
300
249
263
224
212
204
176
152
142
142
141
112
101
106
68
66
63
57
43
44
40
22
15
19
27
4
5
2
0
10
20
0
1
14
9
0
12
0
3
0
1
6
1
0
759
0
275
65
38
5
5
27
92
25
374
7
324
273
277
533
538
141
123
206
30
10
0
2
1
345
136
2
380
11
547
45
19
193
169
128
83
68
11
12
24
29
12
8
7
1
0
5
2
304
175
121
102
91
84
792
49
23
21
7
367
668
192
125
108
51
16
377
373
5
15
0
323
274
218
124
112
118
100
109
89
80
96
56
40
56
32
33
22
22
16
14
8
15
8
2
1
3
13
0
10
0
0
0
0
16
0
102
202
152
126
16
482
122
66
415
23
279
229
190
167
156
122
83
74
63
37
31
6
33
1
146
113
110
22
10
8
701
195
129
49
8
6
43
25
13
6
2
5
0
7
3
0
173
895
459
434
74
59
68
63
61
411
385
20
366
721
335
310
278
118
100
78
47
427
18
397
19
25
0
4
1
348
283
228
208
167
155
104
77
72
66
56
34
26
41
16
9
0
6
12
0
5
6
2
0
1
6
17
2
6
2
1
113
4
229
14
200
201
189
162
288
122
375
20
0
330
182
166
149
89
64
65
35
1
1
0
650
567
162
37
691
168
27
26
12
26
351
272
145
42
35
36
52
25
32
20
13
8
23
0
11
2
770
694
330
563
176
162
151
535
129
97
70
35
378
340
292
149
480
461
467
459
105
456
62
424
403
2
26
4
16
5
320
255
193
157
139
158
124
121
91
98
74
72
76
80
65
68
27
46
28
44
16
16
13
13
27
17
9
1
31
1
18
25
7
1
21
6
3
2
1
0
62
40
8
160
112
55
23
916
347
160
492
8
0
254
226
187
176
173
99
57
38
21
26
30
28
26
18
5
0
12
12
1
138
0
327
299
120
92
95
88
41
49
22
33
8
12
18
0
0
14
1
551
495
473
445
467
59
57
20
34
23
15
1
292
189
171
520
101
88
96
61
1
329
285
238
199
207
208
190
174
174
137
145
129
135
113
105
76
84
69
68
41
65
42
48
29
39
39
27
18
38
15
10
6
20
21
9
10
3
6
17
13
2
9
9
4
0
10
2
0
167
252
530
50
125
116
482
86
286
157
496
496
3
348
264
259
161
65
67
45
14
16
11
12
1
466
0
290
655
195
163
17
0
50
42
39
25
10
0
0
377
200
196
201
176
150
898
421
152
168
57
40
8
25
4
348
261
246
211
178
133
148
146
107
46
49
36
45
39
55
23
21
28
11
7
15
4
14
15
17
9
10
0
3
3
9
3
0
1
45
747
111
100
85
57
17
165
28
166
489
191
116
106
97
68
37
25
0
12
0
847
110
284
139
124
77
85
66
44
48
23
7
28
2
2
0
3
278
267
199
568
152
450
69
55
44
24
14
3
19
729
3
6
621
243
227
158
151
538
490
103
91
77
95
59
399
31
17
224
179
131
115
105
102
105
90
93
79
58
54
76
39
42
47
55
27
25
8
32
23
7
0
8
19
6
2
3
0
0
11
3
10
0
2
477
47
19
231
892
125
25
339
310
206
388
320
148
104
95
77
40
29
1
8
0
168
109
12
9
0
191
543
464
440
68
16
367
8
0
133
103
88
74
70
859
825
66
56
37
16
1
131
6
225
103
84
32
32
18
0
0
15
6
3
0
572
215
529
895
90
97
17
12
11
742
0
680
247
587
227
186
167
88
18
11
11
15
0
2
255
220
212
175
188
176
150
167
147
116
81
77
70
75
69
43
26
25
15
27
37
8
3
0
10
13
0
5
1
1
1
0
70
19
18
13
0
868
854
203
12
306
268
253
132
99
40
33
53
19
34
0
3
701
458
0
155
66
400
317
174
105
18
31
0
7
11
3
7
7
497
144
137
135
442
71
71
414
44
16
3
346
307
291
644
279
184
123
62
48
34
383
20
380
3
343
288
214
170
176
154
167
169
152
143
146
139
122
124
110
114
108
111
45
40
30
25
18
7
29
8
15
13
19
0
1
0
0
6
16
5
4
0
2
29
197
160
127
57
40
1
191
174
115
434
15
0
78
78
22
0
80
47
51
56
50
53
43
32
28
8
373
146
100
66
434
49
12
731
191
167
83
202
155
136
55
41
40
40
38
9
1
6
4
10
14
3
0
0
79
246
144
143
125
106
763
46
41
42
25
7
342
127
93
0
339
344
225
222
216
189
171
151
152
95
72
53
43
57
50
42
17
5
1
2
4
1
1
8
0
1
0
1
0
1
153
487
23
34
64
80
10
0
9
399
199
115
90
29
2
724
728
387
384
290
256
209
188
109
39
26
35
14
16
17
120
6
274
476
15
9
8
361
247
103
81
64
36
31
20
3
14
19
12
3
0
0
241
239
165
88
812
49
39
22
10
330
704
320
294
655
489
500
496
126
421
70
26
34
0
198
184
187
165
132
116
107
105
97
72
50
64
62
32
51
37
25
25
32
19
38
12
35
9
11
1
5
0
6
16
1
1
0
9
1
745
43
402
6
7
16
109
60
22
20
116
421
18
13
2
0
9
252
239
123
112
79
46
19
34
15
18
27
0
6
21
9
289
139
147
496
110
105
76
29
24
14
0
3
307
41
0
194
156
67
56
49
22
14
0
3
1
765
964
186
886
116
76
440
72
18
14
9
675
258
552
166
157
23
17
8
338
304
276
280
182
167
156
130
133
119
114
103
104
82
62
55
58
55
68
59
43
47
57
39
12
8
27
19
7
27
6
3
10
2
5
16
1
16
10
0
13
2
1
0
1
1
125
86
319
183
21
26
444
575
541
541
531
53
366
267
273
154
132
102
39
23
30
14
14
2
615
177
171
67
772
5
1
320
6
30
2
314
252
203
181
171
109
111
103
18
61
77
76
63
6
0
4
1094
205
158
83
823
755
737
15
366
349
210
533
193
178
497
430
47
10
348
325
304
273
205
206
181
181
180
138
136
123
99
61
69
69
47
46
44
28
29
19
16
18
11
12
12
23
0
18
2
15
16
2
11
0
0
2
124
124
182
150
73
20
3
84
388
21
719
131
427
327
192
123
98
81
39
46
28
10
591
780
43
747
361
720
631
23
8
161
51
44
45
37
1
3
0
4
9
4
203
178
146
104
829
87
67
42
21
369
0
620
253
223
150
128
123
121
103
103
42
14
12
348
2
0
309
301
242
174
166
176
151
123
112
96
95
91
83
67
68
56
44
36
25
47
23
30
21
32
7
3
8
1
3
0
7
4
0
1
6
1
101
664
112
34
18
8
165
106
43
1
1104
923
164
16
9
322
284
122
69
422
26
271
182
153
139
63
55
65
27
3
9
3
9
10
4
490
275
211
101
111
106
72
57
30
10
2
21
4
0
193
190
159
140
872
121
839
118
109
84
442
69
61
57
388
23
650
186
179
548
136
19
6
315
242
217
229
166
153
150
111
103
106
79
59
75
60
49
65
27
28
45
26
22
13
14
15
19
27
26
25
22
23
0
10
0
1
4
9
5
0
4
23
6
1
268
179
52
1064
180
168
113
430
368
727
291
314
180
169
80
58
23
2
298
125
38
504
32
3
334
208
167
130
157
107
33
13
10
1
19
4
10
4
0
986
524
877
110
462
437
45
62
43
28
15
3
0
628
610
209
215
193
64
48
40
45
383
0
367
0
327
320
327
221
187
156
164
152
130
99
95
65
53
52
62
50
43
35
40
57
32
45
19
24
16
14
15
35
6
10
0
12
5
4
0
0
3
0
55
6
41
11
0
527
173
872
103
792
799
54
238
202
187
170
25
23
255
165
107
61
72
42
15
18
1
1
95
393
17
749
0
0
12
252
1
354
66
26
20
28
7
0
0
2
8
0
20
555
555
182
375
401
751
2
710
197
65
23
19
0
4
369
354
202
134
136
147
106
88
94
66
53
61
31
26
9
16
4
11
16
11
13
21
8
12
165
153
38
14
26
331
172
153
112
73
2
214
171
117
99
40
23
33
28
15
8
1
9
896
147
91
66
396
0
718
501
26
3
0
226
116
43
20
0
0
3
4
0
0
205
170
44
4
3
0
5
313
294
295
250
560
162
527
508
421
434
25
391
3
367
262
180
150
159
134
139
123
100
98
92
85
75
89
70
59
64
35
46
25
30
2
14
0
0
6
210
217
200
470
431
46
48
60
22
1
12
6
358
716
223
149
121
100
87
88
31
39
28
13
8
331
271
292
224
148
150
126
131
109
110
97
68
69
67
41
24
32
27
32
23
23
4
5
8
1
8
0
1
12
1
0
3
0
896
1
25
27
0
0
520
877
741
332
211
59
10
2
268
29
25
20
3
0
0
0
19
6
153
131
869
111
86
759
4
9
1
0
720
290
229
191
63
6
210
184
186
88
62
52
34
40
28
34
31
7
1
4
153
891
447
64
65
36
45
41
29
3
15
0
240
157
174
152
138
117
86
88
71
1
2
0
6
334
287
251
254
165
116
98
75
53
61
39
63
48
28
26
36
14
21
38
14
4
0
1
0
1
0
3
0
2
250
135
76
0
140
153
136
459
98
396
375
736
588
556
189
149
116
52
389
341
168
100
69
50
43
45
15
19
132
111
72
50
60
625
559
173
511
53
52
13
117
95
60
60
59
33
2
20
598
194
193
169
166
541
160
136
129
512
144
453
55
13
0
302
626
39
404
0
4
0
282
226
223
201
189
185
205
161
171
145
148
153
128
112
117
61
55
53
68
47
60
56
40
52
31
24
7
20
6
7
25
19
3
3
9
16
0
0
2
0
0
5
4
734
131
612
177
82
23
755
224
180
159
510
96
204
92
88
66
71
34
36
4
4
11
0
71
88
42
405
7
0
356
293
273
168
111
85
45
14
0
3
242
166
50
33
44
32
21
2
3
0
0
225
190
882
85
56
383
15
379
5
0
3
311
548
166
126
66
431
402
10
6
3
13
22
23
306
298
301
217
217
200
195
173
148
138
135
76
60
59
68
69
40
44
50
51
52
39
34
33
23
11
20
29
9
19
6
5
10
3
5
25
0
17
1
21
1
3
10
7
1
10
5
1
6
7
2
3
126
38
0
3
580
115
819
66
21
234
216
184
176
91
2
5
4
252
200
133
92
21
3
0
2
537
497
121
101
463
465
465
66
5
2
202
180
164
150
146
120
98
37
0
185
136
121
125
97
72
43
37
12
0
687
479
428
44
14
220
215
201
179
168
136
112
84
67
60
71
46
36
29
18
10
27
27
28
3
23
24
3
16
0
4
0
5
1
2
0
79
38
24
0
3
12
0
209
260
238
562
203
158
124
18
171
90
93
85
88
73
55
38
15
26
8
10
6
6
7
2
156
116
96
34
400
0
148
2
0
154
127
115
109
79
73
47
35
32
29
24
20
0
0
11
16
13
5
360
276
237
919
175
91
88
76
59
30
742
1
4
652
278
176
504
73
82
55
43
61
62
33
30
391
385
7
7
3
348
250
237
208
207
175
168
144
135
135
133
100
89
94
86
81
70
16
27
11
6
3
13
1
14
3
1
0
27
19
7
7
0
9
16
10
0
0
0
144
0
892
147
64
117
220
183
184
138
105
77
94
56
19
8
31
7
7
0
10
215
897
8
6
1
364
120
123
59
31
6
0
0
1
3
535
149
67
61
47
772
392
4
4
349
708
334
294
135
404
13
15
3
2
7
323
316
297
200
182
144
143
126
106
124
103
100
80
44
60
33
21
20
22
26
2
18
15
3
1
10
6
1
5
2
3
2
6
1
11
71
27
12
7
203
472
112
56
427
332
259
239
64
409
215
183
107
118
76
60
45
31
21
0
3
208
100
75
17
260
183
158
158
59
35
14
0
12
7
634
182
79
789
426
47
781
23
29
7
27
23
11
739
4
0
609
560
195
179
184
472
81
81
69
50
4
5
347
0
313
254
220
179
188
142
121
103
98
76
69
58
55
66
71
50
57
38
39
44
34
44
43
50
34
12
22
7
26
26
5
17
0
3
0
6
0
0
2
6
47
213
171
54
49
16
378
543
546
165
159
116
102
821
641
251
243
218
161
74
34
0
353
310
198
157
47
53
28
29
43
35
0
1
208
0
4
0
377
5
215
109
65
54
29
6
23
2
0
10
239
185
182
123
855
786
63
47
24
390
22
9
3
25
733
13
358
543
94
76
390
20
26
8
0
4
13
299
209
204
163
138
109
111
97
101
71
82
68
76
52
42
60
64
55
7
18
0
18
11
7
9
12
3
2
7
4
1
4
1
72
52
38
95
24
192
92
341
295
251
143
137
99
70
76
19
19
1
153
0
4
321
50
32
13
0
242
195
153
120
134
102
81
79
85
48
25
16
9
4
9
16
0
178
880
534
103
101
99
800
792
418
52
31
0
636
584
541
555
187
141
140
70
76
13
214
188
193
182
181
180
137
138
144
153
141
115
76
91
77
54
56
53
36
46
23
38
39
24
10
1
9
4
12
0
5
2
455
20
82
49
9
35
276
690
140
76
38
18
30
168
51
28
27
15
20
20
0
2
0
0
979
268
193
51
32
34
694
663
45
22
177
139
136
94
34
9
5
8
18
9
3
213
167
153
165
153
160
487
120
474
458
89
422
27
12
355
3
346
339
633
212
119
133
117
90
62
55
7
19
14
9
6
2
322
461
696
225
104
369
23
313
533
142
521
479
27
20
19
327
321
270
264
178
161
120
128
113
57
61
45
28
17
9
7
0
6
367
243
222
166
910
829
815
28
5
0
653
214
204
175
125
50
64
46
23
4
0
238
231
220
208
198
199
164
149
148
125
104
95
92
102
96
88
79
82
76
55
71
56
34
31
18
23
41
22
29
22
4
22
1
24
1
0
21
12
11
14
9
0
1
2
1
0
0
27
174
497
15
15
314
153
28
9
8
211
164
788
41
20
746
317
262
239
220
102
44
308
299
188
169
144
137
69
70
43
38
6
1
2
10
5
94
25
384
697
69
57
0
245
243
161
113
83
66
22
11
4
14
3
0
11
238
162
104
836
831
91
774
406
61
48
357
260
562
198
130
120
75
82
428
30
2
375
286
275
242
239
237
238
219
206
200
127
133
126
96
91
72
67
78
76
44
60
48
45
17
38
23
9
12
19
2
1
3
1
16
15
17
2
9
7
20
20
0
1
212
12
96
110
34
22
0
7
212
168
99
26
16
5
592
458
294
273
217
166
181
142
149
66
61
62
51
73
49
53
49
0
0
1
6
9
1
4
157
84
28
0
630
547
179
548
17
364
262
152
134
128
75
85
39
24
13
10
0
0
1086
908
164
75
71
421
791
43
22
39
758
15
4
712
292
246
255
220
205
167
147
521
55
15
16
31
19
1
3
374
307
210
182
121
118
89
84
71
62
55
57
51
56
34
34
23
19
9
33
12
1
1
0
11
19
6
1
7
0
2
0
0
1
0
228
87
427
50
30
197
27
17
206
192
42
33
1
0
6
121
145
112
92
74
33
26
383
5
76
38
35
27
10
0
190
547
146
146
137
457
836
445
78
387
8
11
14
7
359
308
663
552
175
125
115
493
81
76
425
23
29
377
0
0
320
298
178
170
126
124
110
97
75
85
81
61
55
59
38
37
41
25
47
41
36
14
7
9
1
7
6
17
4
2
9
0
11
1
13
0
3
24
410
30
344
204
14
6
217
512
123
487
75
35
745
692
253
266
202
544
53
386
231
107
57
49
34
14
0
17
5
10
8
91
0
2
701
54
50
398
16
319
294
149
94
43
18
4
0
4
3
166
150
848
126
831
97
96
436
31
47
16
381
18
18
5
0
350
578
170
523
139
56
45
19
366
370
13
356
281
303
175
181
148
149
104
102
79
84
68
68
48
33
41
43
38
17
33
26
2
2
1
1
0
2
1
5
105
111
38
8
200
123
452
52
27
24
18
19
23
8
4
9
4
7
4
0
147
0
188
139
28
20
1
8
0
172
26
270
412
313
162
136
159
124
63
41
56
11
24
23
19
233
19
533
412
24
4
1
1
0
0
0
2
245
182
151
154
61
50
59
36
17
10
1
5
246
194
527
547
161
471
31
28
394
721
654
298
236
161
120
92
80
23
7
292
269
244
236
121
125
121
123
70
65
68
60
57
66
59
47
28
6
17
2
18
14
0
0
0
9
0
2
5
1
139
54
9
378
110
79
71
153
123
109
86
59
47
28
11
7
1
0
239
92
425
2
0
648
94
0
325
229
170
166
80
87
63
13
21
21
0
13
175
177
889
143
161
118
132
81
416
418
362
24
3
723
0
352
684
331
139
103
56
43
46
35
21
0
3
1
6
189
172
166
146
121
107
74
63
50
53
62
47
49
33
49
50
31
21
32
36
7
6
8
30
0
1
7
13
0
1
0
0
227
783
30
151
59
180
64
1
156
167
131
399
51
0
131
98
66
45
44
39
8
6
19
0
3
282
213
169
78
243
24
17
23
1
327
252
135
55
44
41
18
20
0
12
20
10
0
12
0
0
4
7
2
364
6
191
530
100
114
89
400
14
18
385
3
0
696
620
205
519
98
406
14
375
5
364
2
330
255
259
187
182
171
129
89
97
93
83
95
74
58
52
56
47
47
38
42
17
35
4
0
17
4
2
24
9
5
7
7
1
755
4
369
82
41
9
14
108
423
488
401
6
146
144
64
35
38
6
216
27
2
53
43
33
35
23
13
1
11
4
3
172
515
149
158
118
387
0
12
740
335
311
646
643
217
208
169
165
148
492
63
48
52
37
1
10
1
246
238
158
151
140
134
112
124
86
80
83
52
55
49
33
37
24
16
10
25
17
0
13
1
0
10
4
0
1
9
1
827
0
219
25
12
273
150
143
850
870
820
323
669
330
571
202
142
21
398
190
99
105
71
72
26
20
5
903
902
395
3
328
28
1
9
148
163
108
50
55
35
43
7
0
0
8
1096
967
947
538
160
506
834
111
73
63
40
734
195
28
30
3
0
245
208
197
169
117
113
91
52
38
53
28
40
35
38
18
10
9
26
28
10
18
0
0
18
1
14
1
0
4
5
14
2
4
0
0
138
14
707
492
52
92
14
13
191
446
302
181
82
40
214
174
182
131
87
47
55
12
34
26
1
5
262
137
143
153
92
80
79
63
65
72
73
72
62
69
66
41
37
20
18
41
21
15
4
10
21
30
10
0
0
11
21
20
2
0
1
0
0
0
2
10
2
449
3
86
5
1
58
209
459
299
176
89
77
441
24
378
14
13
258
170
128
55
50
32
3
3
3
10
0
538
157
146
504
128
86
59
25
337
274
264
131
136
116
54
41
46
44
38
27
13
6
2
1
12
1
194
108
450
7
714
164
34
29
26
14
2
304
301
157
154
115
89
49
33
39
7
1
2
0
4
0
198
878
876
105
118
461
90
435
430
39
40
30
25
9
1
339
318
306
310
276
209
537
536
171
516
142
498
93
116
65
58
388
8
33
0
10
363
0
309
249
162
93
79
74
48
39
59
57
48
53
32
27
53
20
29
46
22
25
0
0
2
1
5
8
10
1
1
0
434
40
359
208
44
12
649
100
54
13
762
665
28
204
133
123
114
79
69
52
53
49
34
22
5
17
14
3
1
27
932
917
889
128
39
354
205
161
110
34
2
83
23
13
19
13
16
0
14
5
5
455
564
187
125
126
852
120
111
818
802
81
59
795
22
9
8
349
286
302
647
607
580
197
160
159
48
39
42
36
27
18
11
0
245
236
197
209
171
174
138
128
106
74
76
58
43
52
27
14
23
12
29
10
25
14
6
5
8
0
11
0
7
1
1
2
0
11
2
103
42
10
5
782
506
153
30
738
358
357
640
145
19
9
170
157
126
86
87
93
26
26
17
39
6
0
20
14
21
442
64
774
1
152
75
0
0
128
129
114
84
92
48
40
53
39
24
17
0
25
3
0
3
16
2
0
1
0
171
111
87
78
74
429
34
768
738
10
1
1
0
703
252
589
210
521
416
9
382
4
0
191
175
136
149
130
131
116
143
128
114
105
76
92
87
82
60
76
65
52
55
31
14
16
16
16
19
5
5
21
2
11
6
0
2
14
14
10
1
0
1
145
0
576
93
110
0
1
863
128
121
61
52
394
24
252
191
160
489
9
376
101
52
55
64
52
32
32
8
28
15
1
0
9
14
99
439
25
7
6
674
567
195
22
0
2
210
61
70
31
35
4
0
5
0
0
1028
625
199
182
126
852
90
432
55
29
7
382
0
319
549
17
26
15
4
210
150
142
149
134
118
121
98
90
74
89
54
67
47
28
25
20
33
20
0
24
0
0
17
0
16
2
13
1
0
195
20
164
139
0
263
825
124
189
85
44
0
3
3
7
4
13
5
356
364
808
422
12
14
0
25
322
235
216
161
127
106
65
60
45
40
17
13
0
0
4
2
6
0
174
160
156
140
884
405
48
49
49
41
378
375
712
267
234
225
509
122
106
100
44
55
395
369
325
318
310
283
173
148
117
121
137
104
125
91
69
63
54
71
48
38
32
31
36
24
15
34
5
6
6
21
2
20
6
0
1
1
247
522
189
160
130
59
0
16
0
867
779
306
249
136
135
123
122
409
260
162
125
82
70
59
20
4
3
168
131
108
74
49
23
297
119
36
30
2
242
208
201
91
76
30
30
35
10
22
0
12
21
4
0
0
131
511
144
486
108
814
83
60
45
755
760
11
0
244
174
138
466
92
119
103
458
430
52
11
0
1
273
221
204
177
187
157
173
141
137
125
105
101
96
67
83
68
70
45
53
61
35
30
21
25
3
0
1
18
0
0
7
3
15
14
2
4
0
0
4
0
0
14
47
229
109
105
45
23
8
896
112
445
430
423
397
682
208
183
1
0
268
188
60
63
41
14
4
3
0
2
6
378
240
528
181
74
19
380
3
377
1
1
128
485
399
9
0
314
182
104
76
56
49
24
10
3
2
648
183
919
174
127
134
27
14
204
144
117
110
85
446
10
0
3
311
319
271
174
161
139
150
118
135
114
86
68
54
57
65
50
39
23
22
10
10
29
27
0
5
0
2
18
0
1
0
9
4
2
1
1
0
0
222
41
185
896
796
747
379
304
399
343
269
213
115
118
68
20
25
35
11
468
63
405
164
492
465
21
0
218
200
95
58
81
43
41
34
20
13
20
21
24
0
0
2
993
203
144
120
114
819
62
403
387
383
20
7
8
4
346
348
274
240
194
125
498
80
48
20
11
26
0
11
355
226
179
167
157
152
117
117
105
82
82
75
72
76
70
74
45
57
24
34
34
30
18
32
13
17
17
4
4
8
3
12
8
6
2
0
0
3
1
1
98
283
524
34
12
13
1
0
118
90
27
397
638
268
168
12
2
173
110
84
88
48
51
18
38
1
5
6
869
121
93
428
703
6
12
0
12
277
236
162
150
107
104
22
13
35
9
9
0
1
0
564
521
114
73
50
780
42
48
36
16
0
741
725
237
174
166
156
517
32
29
348
278
240
159
134
124
113
96
100
91
52
41
44
50
35
32
1
5
9
5
12
13
2
195
46
308
32
283
195
93
63
58
35
9
895
107
445
415
27
729
712
189
523
477
58
244
177
166
138
97
48
36
33
53
33
0
13
5
123
5
0
589
171
119
66
81
63
42
36
40
14
15
0
0
0
0
1
0
213
901
535
120
56
800
23
48
695
313
574
195
144
126
490
455
45
47
37
35
6
9
328
327
296
262
215
207
196
176
157
151
122
124
121
111
90
88
71
66
71
77
46
45
41
42
42
34
13
13
13
20
28
206
51
33
391
1
110
66
5
17
232
192
161
108
105
97
27
39
12
9
0
3
23
9
14
0
0
1
1
178
140
797
24
46
1
2
4
2
2
11
0
313
151
139
67
410
14
333
257
188
207
179
184
167
142
114
117
120
101
107
76
73
52
63
61
58
47
69
34
50
52
30
36
39
12
11
10
5
19
22
9
22
3
20
6
7
0
5
7
4
4
1
737
311
0
85
48
18
19
863
771
140
12
355
324
286
293
282
249
224
175
155
142
154
120
115
93
59
48
1
14
0
19
673
73
617
105
448
65
1
340
261
253
132
53
37
36
10
2
0
1
0
7
284
165
907
860
498
126
99
120
64
73
417
399
372
614
215
490
80
79
29
0
1
267
198
161
141
130
130
63
71
67
65
68
65
58
61
68
61
39
40
32
6
3
3
5
1
10
1
0
4
3
907
465
748
18
42
403
856
106
89
348
656
653
50
132
101
78
67
51
19
20
15
13
1
2
1
117
4
2
349
0
137
42
0
0
204
146
110
102
73
46
12
28
17
1
8
6
0
419
182
884
885
136
81
810
399
389
735
1
9
286
476
117
74
50
32
7
2
0
9
6
1
340
154
163
117
97
77
66
81
51
48
59
34
37
48
42
45
20
34
17
25
30
7
9
14
7
9
21
0
16
1
3
1
1
8
0
0
74
53
560
141
116
840
69
438
435
788
115
14
251
234
184
134
132
131
123
46
12
7
2
9
3
6
7
3
331
177
96
420
401
1
727
534
148
59
297
215
134
89
65
61
48
42
30
3
12
7
4
2
1
947
552
928
552
161
135
133
140
39
24
10
370
6
328
686
675
670
611
187
138
472
55
45
10
9
2
366
318
279
244
229
200
196
150
152
126
73
51
73
48
57
36
45
25
23
21
13
20
32
13
26
13
11
0
0
16
1
0
11
11
0
0
92
115
113
96
23
417
773
723
163
149
16
287
163
164
128
100
80
14
11
6
0
259
12
731
653
205
88
388
17
0
252
231
95
51
58
35
31
15
8
3
1
1
1
4
8
5
1
530
869
145
115
422
32
11
1
714
330
301
291
226
594
584
131
86
39
45
49
402
393
3
2
292
289
223
210
200
178
184
166
124
106
99
101
81
103
79
71
58
44
39
48
43
31
22
20
8
7
19
5
6
0
0
6
3
142
387
7
92
163
449
453
56
770
602
138
235
160
169
74
46
27
0
5
2
2
209
93
103
1
2
8
1
371
293
269
158
135
113
84
108
99
74
13
32
5
6
0
1
1
936
188
542
119
843
96
69
54
16
40
3
730
2
350
338
676
665
591
498
104
74
57
423
27
6
2
287
291
255
237
227
240
185
151
156
163
159
143
137
106
76
74
46
69
66
60
41
53
38
58
32
47
52
30
43
41
33
18
6
11
1
2
21
1
7
0
5
14
2
17
1
0
210
54
334
358
171
66
1
901
382
651
192
192
43
26
313
136
93
31
16
5
7
19
0
3
1244
721
78
43
11
2
0
50
16
26
167
134
130
73
85
58
39
17
20
10
1
1
14
4
0
1
0
1282
183
889
172
885
102
78
20
5
297
659
259
265
246
545
142
149
106
83
64
52
407
11
15
28
15
0
358
307
300
239
135
150
108
112
96
73
86
74
64
45
38
54
22
26
16
25
29
16
9
20
10
0
23
2
19
0
9
4
7
1
4
2
0
1
1
154
731
440
30
149
94
19
18
108
100
55
0
300
27
1
193
168
150
108
97
75
71
19
37
15
17
18
11
165
17
23
23
344
347
196
149
445
73
9
182
159
143
93
79
49
45
46
21
43
13
9
23
19
8
8
8
1
206
195
186
124
126
758
749
28
11
2
667
645
625
234
553
65
46
1
350
363
300
227
211
177
157
136
148
135
125
101
84
93
97
68
80
75
70
54
46
60
43
62
34
33
36
31
30
28
48
28
20
14
23
18
25
27
12
23
32
20
12
1
2
19
1
9
1
0
0
4
3
12
523
105
443
80
425
24
384
8
5
137
96
80
58
394
20
1
220
222
120
104
116
81
49
22
0
137
60
54
111
2
1
120
66
71
47
22
23
9
1
3
1
1265
164
507
834
58
432
46
4
159
510
488
442
82
434
42
43
21
25
4
28
4
15
374
338
297
301
220
176
187
165
168
158
151
126
120
120
135
103
85
61
54
69
52
40
49
32
36
7
25
0
28
4
0
1
12
16
6
8
10
1
3
2
33
32
12
266
57
140
131
68
0
914
356
139
504
28
188
90
77
63
33
39
22
19
5
6
1
6
882
808
103
405
0
22
23
10
1
32
20
4
0
8
2
5
17
6
501
675
948
220
214
535
156
10
13
15
660
245
529
130
93
78
64
42
420
31
39
12
21
394
378
0
214
199
197
174
110
79
100
95
76
42
48
44
29
13
11
9
31
3
3
16
8
2
11
1
1
1
2
10
0
10
70
311
136
154
9
20
116
92
246
46
388
7
14
15
303
161
155
88
77
60
56
39
0
2
6
0
1
7
7
1
81
37
579
112
69
42
0
1
0
9
9
211
885
139
874
120
104
76
42
15
20
368
288
250
554
182
117
96
64
58
13
378
5
14
16
350
249
158
132
148
98
89
60
67
45
34
42
39
12
7
9
10
0
11
1
7
2
0
558
487
11
56
51
15
0
212
133
128
729
3
670
160
86
66
125
118
90
66
65
39
21
23
20
24
21
20
0
0
164
0
174
165
29
19
246
224
155
121
96
55
44
52
61
49
41
26
12
5
0
1
0
0
26
620
548
871
95
66
420
51
53
13
303
52
43
29
5
12
3
293
259
219
182
178
170
159
123
116
102
115
96
89
84
69
48
36
55
41
37
17
41
27
13
30
15
30
9
12
28
11
15
1
14
6
0
21
6
2
1
9
1
1
2
0
208
26
10
272
0
360
569
146
865
97
62
448
415
7
262
220
202
193
170
162
146
133
115
100
116
62
72
56
50
26
35
22
9
3
5
3
219
74
35
11
16
6
5
1
312
220
162
143
52
39
39
27
6
11
4
17
0
2
0
0
992
256
142
147
479
104
455
75
815
795
55
442
14
3
15
5
722
692
290
248
265
243
559
467
449
61
77
58
54
45
388
6
4
305
320
245
203
140
152
140
145
126
135
108
101
90
83
65
56
54
49
37
44
3
8
3
1
2
11
5
10
0
396
1
0
588
900
61
2
271
504
112
61
9
328
249
227
209
150
131
111
77
71
58
74
54
55
48
40
38
27
8
12
6
0
1
150
69
7
124
77
73
54
36
21
31
1
0
7
0
7
3
5
0
217
933
187
192
204
914
468
73
85
30
24
378
7
298
657
244
244
183
108
14
16
15
9
347
280
239
202
178
143
127
132
120
96
104
120
107
78
70
55
57
41
35
50
44
38
45
17
40
9
26
1
6
18
0
13
0
6
0
745
341
695
875
491
818
395
367
646
637
219
150
152
145
41
39
37
26
33
26
12
7
7
0
924
568
162
518
136
105
67
49
26
19
281
255
222
172
6
24
17
243
232
165
96
60
54
39
39
15
22
5
0
0
145
561
925
547
897
127
472
25
740
17
9
5
2
738
3
645
621
606
228
156
509
133
133
124
100
85
69
60
32
25
367
0
275
219
194
176
174
171
142
128
84
74
81
65
56
55
47
46
33
36
30
26
15
12
13
18
1
0
4
7
4
475
799
640
140
65
7
8
0
235
560
178
122
78
17
15
3
604
169
165
159
90
33
20
24
5
310
203
150
144
48
32
23
37
6
4
11
16
26
16
6
19
6
13
0
0
2
1
833
311
451
0
20
349
314
179
44
22
8
241
117
33
122
69
98
85
58
35
34
33
22
6
7
0
44
163
123
417
14
0
665
182
74
39
37
17
12
16
0
93
34
17
7
21
14
2
5
17
7
741
930
204
123
476
122
437
420
409
275
589
226
164
185
162
505
71
68
35
29
14
0
0
282
251
205
172
171
169
145
140
140
125
111
98
87
75
76
46
68
49
53
49
29
47
21
28
13
28
19
6
0
1
15
14
1
0
8
12
10
1
0
5
345
67
36
0
2
519
470
7
367
232
88
53
13
9
181
113
97
52
53
66
59
33
26
9
2
4
7
188
480
0
0
313
594
181
46
399
344
290
284
125
111
97
65
31
4
189
185
149
878
861
466
810
392
11
9
349
705
639
192
195
131
84
104
68
64
29
20
347
282
264
261
185
167
164
111
127
98
85
61
57
50
44
21
34
26
13
20
10
13
0
4
0
14
8
16
13
10
0
738
491
56
11
24
23
6
163
46
713
586
560
152
101
47
3
335
75
54
46
46
39
46
30
5
0
0
836
775
16
0
156
138
385
355
285
140
83
52
56
40
13
20
180
520
168
165
116
473
120
67
0
18
10
255
590
225
102
423
18
299
273
268
238
231
248
241
229
160
99
90
70
61
82
73
75
74
76
52
58
47
42
47
29
10
14
11
14
26
0
0
8
3
1
146
467
447
344
97
76
392
14
191
45
18
516
100
418
56
59
7
718
653
222
129
136
484
1
148
174
67
62
15
16
11
2
1
1
542
152
34
166
135
61
55
62
207
198
168
124
105
71
41
2
0
9
0
6
11
1
1
1
221
147
507
116
837
843
100
94
2
368
4
18
352
702
332
630
620
602
161
157
151
511
112
78
44
45
9
4
293
234
242
189
185
172
152
151
127
126
113
98
94
74
99
72
56
52
44
39
48
35
32
50
33
37
11
9
2
19
17
25
1
0
0
1
3
1
0
0
0
104
115
1
0
83
87
802
50
15
10
381
745
305
89
96
67
31
32
7
369
2
234
167
155
164
105
104
92
57
67
50
55
35
44
24
14
12
2
8
131
69
761
0
675
271
47
259
137
139
112
73
62
47
47
25
18
12
1149
557
522
890
89
32
16
0
348
241
191
528
520
82
40
24
3
321
327
216
190
169
144
135
131
121
104
75
64
85
61
75
62
47
49
50
34
17
39
33
17
21
11
6
4
0
1
4
8
7
2
122
811
252
132
20
25
165
161
130
505
151
42
24
319
228
134
97
56
52
33
13
0
167
511
477
1
20
4
313
174
152
127
105
425
22
3
188
170
152
137
89
39
45
23
13
14
0
3
427
313
551
156
146
486
53
59
53
51
40
28
12
26
722
347
331
228
601
551
149
507
55
51
33
15
6
353
333
292
231
156
171
131
98
119
79
75
92
82
68
76
52
80
58
68
49
56
45
45
28
17
35
9
15
0
1
0
14
3
2
8
7
0
0
52
354
158
62
23
611
834
83
14
329
670
249
564
495
88
50
4
280
177
8
17
0
0
256
160
148
126
133
99
261
173
151
70
42
42
35
18
20
0
0
1
3
3
617
124
429
17
8
503
96
31
36
2
344
307
234
201
187
166
163
155
159
135
137
114
105
117
95
70
80
73
52
58
44
47
25
49
18
29
2
8
20
10
2
0
19
2
15
0
5
5
0
169
70
394
1
332
98
39
31
25
139
72
30
144
141
140
64
27
0
292
174
145
90
80
61
61
54
9
33
28
1
0
571
34
32
9
1
0
330
292
241
145
47
34
12
14
4
1
0
609
145
453
84
65
47
26
14
17
5
164
169
128
469
91
83
458
81
70
21
26
10
7
17
14
337
202
127
95
65
47
45
43
53
41
50
28
16
2
3
7
14
0
8
6
7
1
836
82
53
187
156
79
55
44
37
141
54
22
259
250
192
155
32
24
30
14
0
13
204
558
141
479
103
818
12
1
165
46
9
1
295
99
106
72
33
14
32
21
7
0
0
581
190
184
172
150
133
478
473
103
440
7
367
339
306
292
614
569
139
116
44
46
54
401
28
32
0
286
184
128
97
90
75
90
74
90
39
42
55
48
51
47
26
40
19
24
19
26
22
0
14
16
21
10
0
5
8
9
3
0
5
0
7
1
2
1
1
123
461
44
82
68
15
1
0
14
1111
199
187
130
4
742
543
141
120
336
308
279
216
169
158
115
110
80
79
50
64
51
47
25
15
33
12
4
2
1
0
6
7
11
2
3
176
3
6
424
0
311
132
123
102
78
45
0
21
19
0
4
0
0
200
194
192
883
516
124
108
66
44
52
31
2
385
2
661
206
221
115
91
81
418
32
34
32
19
11
368
0
21
4
7
270
277
178
199
144
118
127
102
116
91
88
89
94
65
73
38
42
23
30
13
28
5
2
4
6
21
13
11
2
3
0
0
0
0
883
84
47
26
26
894
123
123
431
40
358
301
316
646
621
179
506
5
208
189
155
114
128
129
119
71
42
56
2
0
0
12
0
566
15
0
2
138
61
260
143
112
34
38
0
18
0
0
6
1
225
228
920
191
859
102
77
33
14
38
348
697
686
151
153
505
91
439
30
24
0
361
353
269
264
228
238
199
198
189
174
114
101
76
56
44
50
29
25
44
30
13
22
9
16
22
0
24
15
2
0
20
1
1
3
2
22
183
481
97
0
360
119
39
7
15
281
422
45
611
565
508
150
116
100
74
65
360
2
110
114
75
66
39
31
16
4
0
12
2
0
558
199
151
134
817
49
29
583
198
193
163
514
73
50
33
210
129
76
73
73
48
32
6
9
2
20
4
0
14
0
1149
144
0
1
11
2
9
0
238
540
434
430
30
21
0
2
9
334
171
132
126
83
94
95
80
40
37
12
0
6
0
79
220
146
873
146
518
142
503
116
119
476
96
62
449
430
51
404
22
29
44
6
10
545
202
187
504
99
98
95
460
449
91
381
2
304
307
296
221
188
176
151
155
121
119
74
92
71
74
66
63
46
55
32
49
51
17
31
12
28
28
31
5
1
9
3
0
1
0
6
0
0
162
294
0
289
274
243
173
122
84
951
582
546
491
25
7
270
266
143
9
1
217
177
152
143
111
97
21
3
1
17
15
1
3
2
6
3
1007
850
105
83
470
59
0
1
8
130
468
76
7
203
113
90
72
33
18
1
2
0
879
141
109
857
111
77
61
411
41
399
27
361
349
679
81
64
406
39
0
360
0
4
277
184
178
157
154
97
104
92
88
74
64
78
64
65
50
50
60
43
51
47
19
15
12
29
38
29
30
21
14
0
11
16
4
0
20
4
0
10
10
13
0
3
1
2
69
90
96
61
27
2
976
412
371
319
289
245
215
47
28
13
19
0
15
12
11
0
665
158
126
92
446
54
67
41
398
448
21
185
182
82
68
61
37
29
18
19
5
23
16
20
2
1
8
0
271
544
551
125
108
492
110
67
422
591
202
180
524
137
112
75
67
36
21
25
3
7
2
343
4
330
245
220
207
156
167
151
110
104
93
85
87
81
67
75
78
73
41
68
68
31
45
45
20
35
22
31
12
30
24
16
1
30
0
10
17
0
1
15
1
0
11
4
0
1
0
1
1
3
60
53
29
0
72
36
737
17
356
346
649
141
414
33
14
274
268
239
229
212
167
121
95
105
52
49
0
5
69
57
23
17
0
0
196
115
78
34
5
12
194
570
890
142
158
122
140
121
465
67
61
65
780
57
40
388
335
639
233
237
143
498
484
106
24
319
319
327
268
266
260
207
155
144
159
142
137
126
112
127
101
83
96
102
97
78
65
50
42
44
31
26
26
7
7
0
0
5
10
11
7
10
0
0
4
0
137
486
145
77
28
18
14
2
7
852
119
125
43
351
594
207
189
411
33
14
4
171
151
142
67
58
67
43
33
17
10
1
0
0
1
333
1039
120
42
152
57
50
36
10
172
157
97
64
55
48
11
20
26
15
2
2
1
0
14
1001
180
160
504
143
455
433
83
811
34
21
18
1
324
270
294
259
174
155
102
102
430
58
38
43
370
383
8
0
0
360
255
189
170
165
169
145
138
163
142
132
104
111
119
106
81
57
49
42
54
29
48
33
15
14
13
27
12
20
12
14
25
16
8
6
11
0
0
1
9
8
8
1
1
1
314
363
346
180
155
72
585
919
433
8
271
430
126
97
64
41
57
56
4
0
988
181
144
93
106
3
0
640
239
3
134
128
95
21
9
25
6
19
14
9
343
920
183
511
476
89
103
71
50
40
730
363
54
25
32
22
0
260
185
194
125
138
129
100
100
76
99
71
81
45
44
49
12
24
18
15
3
9
3
0
10
21
12
2
6
4
4
9
0
1
215
134
194
6
157
174
138
139
479
480
18
1
291
647
152
514
374
0
255
195
183
145
124
104
79
84
49
34
52
23
16
17
13
2
0
5
1
0
569
893
145
55
75
60
8
1
242
72
38
33
2
360
383
171
69
64
44
3
13
22
0
0
4
7
14
229
538
148
116
89
427
406
44
42
23
10
755
719
89
54
376
4
10
0
1
317
270
237
221
174
157
171
113
109
84
79
77
74
34
44
49
42
32
27
1
1
0
10
4
0
1
3
8
0
0
0
7
111
72
127
30
54
28
941
160
179
159
118
802
46
399
10
735
219
182
86
3
1
12
346
164
138
116
136
104
80
81
39
53
23
14
13
27
3
0
7
103
30
40
106
82
59
50
25
15
5
224
135
99
15
28
4
31
11
1
7
2
4
1
185
53
791
47
393
41
32
36
1
9
1
365
316
260
560
168
103
112
105
459
90
28
34
6
27
18
375
12
366
192
174
135
134
93
114
87
76
68
71
73
85
60
43
54
34
48
13
12
15
1
12
5
0
9
0
10
2
2
2
802
260
185
127
107
27
5
947
196
167
521
119
117
27
15
562
206
185
194
44
191
178
112
32
3
169
4
1
365
132
142
34
1
166
123
89
61
44
36
36
13
4
10
1
147
170
134
81
96
64
419
383
5
20
16
382
10
15
4
249
229
225
179
125
122
126
111
115
110
48
35
17
11
2
4
310
302
250
259
221
159
167
185
124
120
109
132
117
95
85
79
68
71
53
33
41
27
22
24
33
10
6
4
15
0
1
12
11
15
0
0
0
2
0
0
79
56
0
854
441
158
120
393
12
222
195
192
208
201
107
112
104
65
65
61
19
9
3
1
0
1
96
772
15
0
1
6
1
626
548
512
41
43
30
0
222
184
82
71
36
21
38
32
1
2
5
6
0
0
0
0
0
264
152
519
802
77
33
22
11
11
0
336
310
209
178
162
116
119
471
81
44
33
366
364
312
244
201
196
167
149
147
130
142
111
112
123
92
106
89
93
72
77
43
44
30
27
35
24
0
0
1
9
2
1
0
12
5
249
154
125
96
74
17
4
238
180
513
79
29
3
5
4
504
94
766
32
14
728
11
363
1
220
141
9
215
151
98
94
70
67
51
28
48
24
5
6
20
6
0
2
1
892
106
94
55
52
399
19
25
3
0
33
16
353
136
124
12
6
0
20
3
2
0
642
557
159
879
136
486
481
75
48
17
29
369
7
374
275
254
257
195
155
91
53
14
384
277
190
167
169
137
143
120
108
77
66
54
42
37
27
29
496
113
80
432
56
59
46
15
2
663
61
66
65
34
390
22
14
1
6
1
279
237
219
157
170
125
97
108
87
69
64
53
57
35
38
14
14
19
28
2
13
10
11
3
3
2
555
83
172
505
3
7
903
875
7
6
354
285
23
5
238
212
159
155
146
138
93
91
92
50
56
20
10
26
12
10
14
2
1023
176
2
0
691
670
186
182
520
54
350
296
207
14
4
1
0
8
7
1
1
215
571
209
193
175
503
132
506
115
839
94
64
408
296
572
544
81
67
59
16
323
307
300
187
164
151
146
138
137
144
120
101
48
62
58
45
42
50
46
12
7
4
7
25
0
4
9
5
0
0
2
0
0
10
81
290
211
204
115
98
7
268
177
13
300
301
248
178
175
126
124
82
10
18
18
15
1
227
200
676
637
0
0
0
153
146
142
120
76
52
52
41
48
22
6
10
2
0
2
2
3
611
228
920
143
495
105
816
72
25
364
256
246
225
208
203
145
144
145
409
372
7
14
289
285
192
177
152
133
133
129
128
120
101
111
97
83
79
69
89
60
57
39
38
43
33
19
20
27
13
0
21
18
16
0
1
0
0
3
453
56
164
37
1010
955
520
134
468
839
26
15
351
302
263
204
188
62
13
280
225
180
140
32
45
31
11
2
0
311
885
493
352
680
394
1
6
310
162
146
121
33
11
1
17
0
209
851
438
38
776
35
25
14
378
17
5
207
198
138
135
87
40
11
381
22
17
6
321
293
271
184
185
134
97
83
81
53
59
47
42
48
28
34
16
13
10
17
0
2
0
24
6
6
7
1
4
5
1
11
1
5
4
0
0
381
193
79
0
175
5
147
156
464
32
8
376
585
202
394
25
373
196
141
97
90
82
65
82
50
44
19
15
7
1
18
15
14
895
82
800
23
225
495
10
0
0
167
130
116
111
68
68
49
25
13
33
2
10
19
1
20
0
0
10
8
1
77
122
106
96
87
65
63
39
37
18
0
7
3
662
579
178
520
124
110
475
75
423
52
437
37
25
15
3
5
276
214
202
201
203
143
101
76
72
78
81
84
80
70
56
40
35
50
34
39
14
25
1
0
9
4
2
0
15
14
10
7
0
273
287
480
219
98
14
1
12
136
115
283
96
103
332
332
327
304
249
121
88
83
54
22
0
19
1
183
909
153
117
118
126
818
490
121
42
211
164
147
139
99
64
10
16
30
30
2
10
6
0
1
10
9
3
1
0
194
184
201
134
116
121
117
818
75
427
26
46
403
125
78
0
69
0
221
207
116
45
0
1
0
0
2
9
240
212
187
175
897
115
98
70
54
55
42
50
9
370
295
246
212
491
482
82
48
47
411
6
355
6
5
317
269
227
189
195
135
138
123
106
114
82
64
60
56
44
31
18
28
38
26
4
8
13
1
4
2
8
5
0
884
105
29
0
686
393
28
366
69
38
1
228
887
826
49
42
309
564
183
520
483
63
57
304
227
178
161
115
91
45
42
8
11
9
23
1
1
820
26
218
78
47
26
366
328
133
133
122
91
73
21
12
1
4
612
136
452
453
70
70
79
52
45
418
28
41
15
1
232
222
184
566
168
64
60
46
377
30
4
3
9
1
3
275
275
262
182
149
163
146
127
136
77
81
73
43
38
32
44
45
25
20
34
27
23
11
16
22
19
22
4
27
8
2
0
16
18
15
1
0
4
0
29
125
212
202
49
884
802
40
288
271
109
284
234
132
127
105
107
93
94
50
38
51
42
33
27
1
18
23
0
7
493
372
0
253
559
110
52
28
1
18
5
1
5
231
180
152
104
90
106
83
93
46
56
55
34
23
202
83
62
58
42
779
24
0
368
0
254
173
153
473
110
453
79
451
68
70
61
30
33
31
14
1
277
272
272
267
262
237
202
156
138
124
113
126
103
100
71
56
63
39
45
44
45
33
13
27
21
4
20
7
13
4
2
3
0
5
0
793
465
354
146
26
20
2
18
202
105
75
303
295
245
447
455
83
51
21
34
1
356
264
108
86
66
29
38
18
38
13
1
3
18
1
0
116
89
238
106
82
8
323
64
61
48
32
22
19
15
0
0
284
641
492
485
473
831
468
45
45
758
9
6
0
5
374
347
644
261
224
108
92
33
10
9
0
9
5
266
193
189
169
135
124
138
111
94
114
101
64
66
75
53
56
43
29
34
4
29
2
6
13
5
0
17
4
7
0
7
0
1
212
150
22
273
115
47
21
0
0
919
263
143
71
45
329
252
202
210
167
155
81
53
46
41
36
23
28
12
20
13
3
12
11
940
167
138
131
451
108
405
688
608
23
6
279
213
153
125
70
65
32
10
0
0
0
164
162
876
131
464
86
58
403
63
394
15
10
24
4
3
283
178
152
163
115
116
434
15
14
376
0
192
145
117
127
105
115
114
116
110
99
98
62
48
17
14
17
15
21
11
12
15
9
20
5
9
5
0
0
3
0
651
161
25
211
169
164
114
56
8
0
153
116
363
320
311
39
40
32
280
226
145
51
41
121
96
258
503
527
453
42
358
207
121
52
31
53
18
29
14
1
3
0
2
0
1072
194
118
489
777
211
144
157
493
88
66
54
396
17
8
11
350
295
218
151
99
106
92
90
75
47
32
12
23
17
16
1
3
24
3
1
12
0
1
363
236
768
551
556
0
0
287
175
313
184
344
184
79
40
24
27
31
23
9
0
0
132
109
487
464
81
391
193
463
2
169
79
49
49
7
12
1
1
3
13
1
208
929
535
891
143
122
108
83
807
48
44
3
1
166
170
522
126
91
63
47
38
52
58
26
17
25
3
9
12
0
340
293
260
244
214
204
165
157
176
148
168
148
124
126
135
124
99
80
32
30
39
26
26
32
27
28
12
8
19
18
25
18
17
9
0
0
17
0
1
11
5
0
378
238
89
69
33
0
15
36
362
7
249
222
88
39
18
143
114
71
60
78
69
61
25
27
18
6
15
9
1048
180
52
72
0
192
100
84
0
183
188
88
66
29
23
35
17
899
550
527
886
512
60
51
48
10
2
6
625
205
571
530
112
130
101
14
3
0
353
0
282
216
185
185
168
133
138
141
140
112
88
52
39
33
29
38
11
33
2
25
18
1
5
3
0
0
19
30
731
337
168
463
193
178
104
50
17
13
10
5
0
1
491
123
122
93
5
7
0
662
102
417
30
0
364
314
173
155
157
126
81
75
54
47
41
0
0
0
4
5
0
0
690
258
189
526
524
516
838
93
77
68
67
416
16
8
358
0
2
340
286
598
556
178
160
111
483
34
3
242
216
190
198
150
148
147
158
147
110
121
85
74
38
39
37
53
26
22
35
28
7
22
1
10
0
12
12
12
3
114
217
151
100
92
84
390
345
636
235
229
207
169
127
483
390
2
233
177
186
165
145
79
67
34
42
39
12
12
14
24
0
1
140
106
26
35
391
0
161
93
30
369
300
95
54
39
28
38
33
6
2
299
246
234
558
129
112
109
49
768
399
21
324
225
125
40
33
20
19
356
280
277
227
157
161
128
86
96
84
77
99
80
100
89
88
81
65
54
26
22
41
31
38
12
11
16
4
4
2
28
2
6
23
1
12
0
0
2
484
8
21
4
198
69
7
3
3
8
266
252
101
85
2
18
4
122
127
838
758
379
6
361
626
213
150
127
1
0
1
75
67
43
39
5
2
7
22
2
1
0
7
2
0
372
171
137
509
480
120
101
119
91
86
427
25
387
23
15
0
352
372
184
165
520
526
493
94
80
51
49
44
21
21
348
26
14
14
9
4
0
0
3
14
6
8
1
42
20
768
176
70
379
147
508
50
301
59
16
13
0
0
129
109
2
205
165
116
22
3
2
349
125
99
91
53
38
37
21
15
1
0
0
2
601
187
180
515
796
66
50
767
0
5
11
324
663
272
141
505
121
101
50
399
32
360
355
292
254
198
160
137
101
100
64
81
43
61
68
38
48
21
32
28
3
17
2
13
4
0
12
1
1
2
4
3
4
823
423
129
311
160
132
19
34
213
3
729
299
229
586
209
114
403
287
230
154
145
140
110
97
51
59
19
6
4
15
18
1123
182
119
555
13
6
5
4
161
66
69
50
41
18
15
17
14
9
10
1
0
3
33
699
328
480
101
61
427
57
35
34
31
16
0
359
1
233
583
94
35
35
29
2
376
372
303
306
274
268
247
225
218
197
172
182
167
124
121
100
97
85
83
72
66
45
45
39
24
24
43
19
23
12
17
17
38
17
27
18
1
20
24
24
1
4
6
19
8
16
2
2
2
1
0
4
521
151
3
647
219
93
455
0
44
37
903
508
851
449
238
38
411
398
15
283
173
162
25
51
21
30
9
8
19
4
9
3
19
321
529
786
12
1
730
0
299
184
124
99
19
222
214
182
170
146
113
77
87
30
14
13
5
21
11
6
129
499
876
105
84
757
42
39
742
10
2
6
0
689
277
222
202
182
549
516
152
87
458
71
429
416
50
31
22
8
3
324
300
250
251
224
187
187
164
131
120
76
82
54
62
49
61
29
44
39
29
8
27
8
0
8
8
1
0
0
0
5
1
0
461
644
120
56
19
1
2
45
457
73
639
237
28
328
270
258
37
16
10
14
0
3
3
0
380
603
76
66
781
37
288
608
44
31
5
0
0
218
160
99
4
8
8
2
1
4
1
207
941
899
149
145
828
79
68
39
750
1
0
0
329
209
566
218
211
560
182
145
499
484
47
30
37
31
16
12
2
365
264
242
207
172
155
122
127
99
123
112
104
82
80
94
76
73
78
47
53
57
51
54
48
41
43
29
51
9
15
27
3
15
16
0
24
3
9
18
0
6
2
0
4
6
32
10
0
890
62
40
735
671
85
28
0
256
228
32
38
18
0
19
1
10
70
0
244
35
182
146
129
101
81
88
55
69
68
44
32
36
6
6
12
0
0
11
2
0
341
552
159
138
831
99
8
4
3
9
730
273
220
72
41
25
51
18
17
3
23
4
323
272
253
239
237
199
180
169
157
150
157
133
82
90
66
44
48
51
41
33
49
26
23
24
41
29
22
22
20
24
1
17
3
12
6
0
1
1
0
1
573
38
247
236
205
43
210
177
117
211
234
182
120
45
48
31
16
4
6
11
1
1
1006
110
105
97
102
547
146
93
70
26
16
0
10
244
210
52
71
11
6
0
4
93
93
454
104
769
25
10
251
547
42
409
33
31
29
14
19
14
32
13
14
10
15
348
0
352
304
183
169
171
141
146
149
146
126
101
99
104
83
92
76
53
67
44
29
39
19
12
31
15
28
12
2
12
0
14
15
1
15
0
17
3
0
11
0
0
0
113
0
35
2
977
860
833
11
748
106
5
166
165
154
128
121
75
35
1
5
2
1
4
302
277
248
226
206
173
164
164
153
120
90
97
82
82
68
62
60
38
61
35
41
54
43
32
19
40
47
25
15
16
27
11
28
5
14
31
25
24
1
2
4
6
0
1
0
0
2
0
4
1
0
793
42
55
40
12
852
797
50
7
300
292
167
77
45
18
23
4
0
4
515
9
0
13
315
619
146
101
98
162
86
30
13
20
18
11
29
6
2
1
0
5
0
535
125
457
38
398
3
2
361
728
318
636
188
146
138
500
119
120
56
41
28
25
22
11
354
300
246
219
187
130
126
142
114
122
106
75
80
84
55
52
53
57
32
58
34
37
18
33
23
9
8
0
0
0
10
7
2
4
946
40
42
583
190
179
93
429
10
192
164
169
156
120
93
78
86
63
39
7
29
17
9
7
543
154
24
12
224
475
19
157
84
47
24
23
0
1
181
504
103
84
407
16
9
738
9
14
334
281
654
232
564
151
528
52
20
12
0
0
327
315
304
279
253
255
240
222
203
195
187
177
126
123
110
93
72
69
88
64
60
68
50
55
31
51
29
14
33
34
30
31
3
3
1
3
20
0
4
4
5
4
133
357
291
157
233
192
106
84
62
17
23
2
16
1
926
30
202
197
128
23
8
330
261
219
240
224
208
114
58
61
46
27
1
10
3
10
5
408
799
14
7
534
0
154
118
63
59
36
12
24
10
0
2
8
0
12
3
5
0
0
0
1288
26
1111
236
173
152
820
460
28
17
11
13
2
683
701
328
263
287
206
446
405
27
23
259
217
232
174
141
141
139
146
123
109
93
86
68
73
61
39
48
30
22
40
36
15
27
2
18
10
0
3
0
1
10
0
2
1
153
67
146
280
47
18
23
169
510
139
101
791
770
364
381
13
18
357
2
271
245
192
74
60
8
19
6
0
4
183
135
34
42
42
13
3
135
479
0
56
22
19
10
11
1
198
180
500
143
476
57
49
47
363
269
611
511
521
119
431
54
32
0
310
230
221
209
199
173
121
116
103
75
64
69
59
29
24
35
18
17
25
41
12
11
30
11
0
0
3
5
9
0
1
5
5
9
9
8
1
129
54
31
0
440
375
645
195
163
94
77
421
44
399
18
304
288
216
185
111
95
91
19
0
5
0
123
32
363
262
210
103
11
1
6
348
343
215
201
197
134
72
78
52
47
29
13
0
19
1
0
0
197
160
126
850
96
87
84
792
813
48
413
406
18
721
0
4
2
296
253
182
146
501
102
93
400
41
25
1
8
263
213
162
133
133
49
41
13
29
8
6
0
2
1077
583
181
199
176
99
57
0
672
224
77
19
366
2
349
270
218
190
74
41
25
17
16
25
7
24
4
6
3
171
497
96
87
70
408
47
44
28
5
17
292
167
527
108
109
471
442
52
51
32
18
363
1
279
269
230
196
145
158
130
109
91
87
80
72
57
49
65
63
67
47
38
14
27
7
6
4
22
0
0
13
0
10
2
0
0
9
0
434
50
1
1
60
24
0
0
12
5
31
16
253
529
486
0
164
132
109
66
58
41
21
28
28
0
1
4
0
90
10
632
150
53
41
25
192
119
75
66
29
0
3
0
0
9
182
885
152
880
477
121
82
92
293
586
584
206
168
139
520
153
74
94
95
59
65
28
51
395
324
196
195
176
173
163
169
153
141
164
150
117
126
116
101
96
87
75
64
56
68
49
58
36
42
25
34
13
7
1
2
1
0
21
16
5
1
9
0
10
10
8
0
1
194
154
41
7
14
142
50
422
8
153
142
119
106
111
75
66
66
52
50
56
13
5
7
3
0
2
2
206
116
43
10
554
164
101
420
22
231
183
137
124
99
76
20
16
3
286
210
130
845
465
112
92
51
36
317
280
219
218
205
98
70
403
26
268
231
234
203
178
166
156
158
139
137
114
84
92
62
71
77
58
76
46
62
42
33
43
52
52
39
44
50
30
44
29
25
24
16
5
2
0
1
20
16
9
18
2
1
1
0
2
12
15
4
0
1
3
4
3
1
38
563
19
72
52
3
127
57
38
20
7
200
119
89
78
30
36
36
4
27
18
10
23
18
12
402
750
21
227
133
10
238
119
114
91
83
49
46
39
35
0
1
3
16
10
7
5
4
837
582
198
178
169
143
150
840
450
81
52
57
55
20
34
15
738
11
13
711
333
335
695
683
622
193
185
141
120
116
87
442
32
4
6
347
293
257
199
185
164
145
133
147
138
102
127
111
61
73
36
35
30
19
7
4
0
10
3
2
13
1
9
0
0
0
13
0
1
0
0
62
166
97
76
8
3
0
0
2
251
185
89
64
404
734
327
35
31
273
206
173
164
174
145
87
43
29
26
22
6
3
0
1030
115
738
547
132
59
304
277
159
117
85
51
43
27
22
0
14
13
1
0
0
197
150
874
126
73
54
57
5
25
373
0
14
6
1
361
722
684
295
293
542
519
164
508
118
469
38
24
359
4
344
343
327
246
239
196
172
89
55
62
32
38
28
25
6
19
2
23
0
2
1
4
7
1
1
5
215
206
151
124
100
11
7
15
307
533
48
403
23
7
4
345
61
25
26
22
0
2
0
382
289
509
154
844
501
111
82
76
88
55
433
14
31
382
11
278
264
241
586
210
555
527
507
468
102
81
56
20
371
19
1
0
6
237
154
127
122
112
126
97
98
87
44
35
48
20
38
42
29
14
20
30
22
19
2
1
1
56
379
242
500
451
64
19
25
600
116
457
38
11
304
304
186
155
123
137
113
46
27
0
0
2
0
1174
463
755
656
124
35
300
150
37
12
1
3
3
0
11
8
0
2
220
105
104
445
84
67
80
413
50
22
37
758
402
395
11
730
540
161
126
115
431
60
28
22
27
4
206
187
153
168
173
98
91
101
77
53
45
68
47
39
39
30
41
40
18
9
4
19
3
0
11
3
14
22
4
3
0
14
6
0
173
271
95
0
1
498
289
134
481
419
319
224
182
146
140
69
62
54
20
28
15
25
9
0
3
23
378
3
12
10
273
86
3
328
155
146
96
86
69
64
55
53
50
0
2
10
1
325
243
885
144
38
33
32
16
20
12
5
6
5
5
615
624
502
134
95
95
431
40
421
21
11
354
309
267
192
190
134
147
106
89
58
67
42
36
41
33
55
33
34
13
20
4
19
0
9
3
7
6
223
842
6
703
426
406
369
11
1
2
10
3
142
483
19
322
146
132
101
67
62
55
41
22
1
0
0
1003
257
580
182
10
0
583
194
185
55
1
243
196
132
70
40
31
7
23
1
0
0
0
9
0
1022
593
552
179
110
431
428
63
9
380
380
224
80
90
84
47
66
22
1
369
0
250
166
139
142
142
93
98
99
94
86
86
67
65
39
41
34
33
15
8
35
15
22
21
11
10
29
14
0
9
3
2
13
1
3
0
489
828
436
73
47
4
865
129
6
681
237
89
70
27
309
205
192
182
152
168
88
79
60
53
54
45
35
30
36
18
2
1
342
523
5
60
39
40
153
111
94
86
83
67
49
27
39
36
6
1
7
0
184
862
841
116
91
98
75
12
754
32
6
0
673
195
539
139
130
94
87
427
0
1
352
320
286
279
275
256
232
228
216
147
136
120
118
95
111
89
74
82
80
64
37
54
48
33
21
23
18
0
2
19
1
3
16
14
0
0
2
0
8
59
18
159
0
188
117
52
50
47
27
20
173
888
509
109
121
89
72
26
37
5
189
130
86
95
62
53
45
30
45
28
7
14
21
8
359
103
463
77
52
0
263
204
478
38
9
8
288
211
180
83
0
6
0
578
189
30
363
259
152
138
126
134
447
377
2
132
83
76
39
30
31
28
33
22
24
4
10
1
0
493
114
368
369
252
428
38
214
144
79
74
35
42
3
0
1
0
521
907
142
147
80
415
47
46
15
390
25
20
3
3
1
711
217
182
520
126
102
60
42
403
42
10
7
288
214
210
189
189
171
174
144
106
100
104
102
63
69
64
51
46
41
14
33
7
0
7
20
4
10
6
2
0
12
1
1
0
112
163
1
83
407
501
116
61
69
222
166
124
86
78
92
87
69
10
7
18
3
138
78
81
82
35
319
200
395
377
0
349
155
133
65
43
58
29
53
30
9
8
10
16
30
16
1
3
826
533
101
109
838
450
49
38
762
389
743
327
653
221
190
201
511
93
74
33
383
24
377
0
20
369
344
208
173
161
161
146
129
135
112
97
75
55
58
49
51
42
17
27
19
9
7
3
0
4
10
0
2
3
8
3
1
1
1
13
514
736
11
0
110
111
1
2
0
125
118
856
451
89
426
54
405
17
703
193
175
42
415
41
319
230
223
120
82
58
54
61
26
10
0
15
0
0
233
908
511
814
818
778
10
380
2
329
300
163
20
24
20
367
191
141
119
74
20
20
10
5
10
242
226
236
169
542
161
133
496
99
85
417
62
28
401
10
12
342
243
222
224
563
196
108
467
88
24
23
7
20
387
16
366
365
348
332
281
264
164
121
109
88
83
68
71
57
51
45
62
67
62
47
30
35
15
19
21
11
37
26
5
14
17
14
4
8
10
4
3
2
219
77
175
794
398
375
10
262
527
36
9
14
194
149
115
106
9
6
14
11
87
27
3
397
123
108
69
82
65
72
76
49
54
29
13
4
20
2
666
170
127
117
109
449
57
406
21
0
11
0
685
313
264
525
123
475
87
67
34
9
0
3
2
285
208
142
118
143
118
97
83
74
75
61
81
40
31
21
16
14
25
7
0
5
16
6
0
1
8
2
8
17
1
385
217
182
518
157
477
25
651
188
185
171
100
97
70
67
31
2
5
17
0
164
157
897
473
21
0
8
306
632
107
63
44
271
164
87
74
14
20
7
24
20
8
16
955
187
889
138
526
121
120
110
74
74
53
0
0
367
349
0
353
243
188
534
471
19
26
9
1
325
179
168
163
147
93
87
81
88
79
68
47
58
50
37
21
44
27
17
10
8
23
3
5
2
14
11
7
2
1
3
0
0
11
0
0
4
2
103
32
299
226
96
54
54
1
5
1231
155
33
19
30
4
10
11
216
171
143
151
136
119
123
73
72
58
31
5
4
11
2
361
710
598
222
184
141
498
490
69
441
61
421
39
18
0
297
244
232
197
200
171
164
155
120
109
123
90
69
86
77
74
49
55
58
62
33
47
52
21
27
28
30
18
9
16
13
28
8
2
16
2
1
9
12
13
0
6
18
6
0
0
2
1
0
518
836
25
3
318
973
539
33
46
10
627
394
227
238
196
167
137
121
83
92
41
31
27
22
1
15
0
5
166
782
24
0
7
10
28
36
23
9
102
25
3
19
11
3
5
5
0
214
192
174
160
163
154
847
421
55
52
5
0
12
0
2
644
216
554
518
167
466
43
21
3
345
204
179
170
138
134
128
112
68
61
37
48
34
38
34
15
17
4
6
1
1
0
4
5
13
2
13
0
141
359
300
132
5
273
27
9
13
294
921
119
1
315
104
47
274
85
32
47
38
8
10
11
0
1
234
938
874
143
129
475
93
19
11
0
620
163
428
33
2
155
123
73
50
28
33
26
16
25
31
21
2
18
0
0
572
133
435
64
57
31
21
30
0
20
347
339
309
285
132
135
406
400
375
368
1
312
277
234
195
192
182
161
157
166
157
106
114
106
101
81
83
91
80
78
63
44
35
50
26
47
35
31
10
5
1
16
4
0
8
1
1
199
0
0
151
84
67
183
462
384
171
145
485
34
29
251
232
174
153
105
41
24
1
0
734
0
489
448
79
423
33
4
0
177
114
103
58
59
69
21
41
26
18
5
5
9
11
376
666
952
579
189
195
547
141
507
120
88
405
31
394
21
366
342
558
157
135
109
43
26
3
0
318
324
297
270
250
228
199
208
188
165
149
142
115
93
86
88
95
63
68
47
67
64
44
42
30
6
2
6
0
1
10
0
1
11
10
5
1
5
0
9
17
5
173
165
11
155
19
14
12
588
495
87
13
224
201
539
162
49
40
5
7
2
278
183
170
136
146
47
36
3
22
5
91
38
24
212
70
405
44
21
4
0
245
73
45
26
51
14
9
0
14
6
0
0
0
907
153
517
128
103
86
75
62
49
22
307
605
184
158
495
150
99
27
5
6
290
216
224
210
213
196
131
141
124
100
88
98
84
93
86
81
54
78
31
13
11
14
29
24
22
6
3
1
5
1
4
1
0
285
124
1
0
163
488
542
119
433
336
223
176
114
81
81
61
57
33
17
0
5
5
169
74
34
0
43
392
27
0
325
203
136
106
63
41
17
7
0
11
11
0
9
9
15
0
0
982
161
118
67
398
756
30
389
0
24
3
738
671
648
175
195
173
151
101
59
31
389
25
396
3
8
1
2
344
322
303
291
263
227
215
127
129
81
85
78
55
60
60
54
39
16
31
32
24
23
24
3
10
12
19
7
1
8
1
3
4
0
0
898
142
118
20
166
51
838
72
58
97
49
30
352
332
296
198
138
93
89
77
46
51
51
19
19
28
2
2
5
0
222
907
84
449
28
20
0
6
348
289
27
14
379
288
98
76
43
47
24
11
13
3
9
11
1
336
188
153
152
873
146
490
113
115
115
97
89
453
79
436
421
425
55
42
8
34
3
314
677
306
283
217
133
89
87
93
81
54
417
52
66
51
399
300
307
255
218
210
191
137
135
127
129
113
121
97
64
72
60
64
30
35
27
29
24
17
31
22
5
5
2
16
24
0
3
6
15
1
154
2
140
69
86
26
489
64
57
55
23
8
654
99
16
277
173
162
169
82
91
81
56
43
20
41
37
18
6
2
15
0
0
0
2
3
187
195
533
507
91
5
0
11
221
174
117
97
5
343
132
98
85
38
17
1
1
5
13
0
0
1
1
0
0
0
250
921
883
145
141
98
73
429
39
26
11
29
31
6
0
356
193
550
543
513
488
488
107
453
106
444
74
35
30
15
14
11
2
262
221
198
169
160
168
135
97
73
64
74
60
48
40
27
24
36
34
10
34
34
26
25
6
2
0
0
2
0
0
0
1
20
1
3
3
0
1
6
1
563
178
119
93
8
191
542
517
473
713
1
334
81
21
356
309
233
97
76
58
52
20
22
1
639
155
859
106
97
34
30
29
0
688
277
45
417
29
380
5
6
181
63
62
35
11
23
29
33
4
4
0
0
4
1
291
234
195
462
458
431
55
32
50
728
737
3
210
226
199
178
136
129
474
51
55
392
12
20
346
172
154
164
133
118
96
93
78
87
95
62
60
63
37
48
29
37
20
24
12
6
2
19
22
0
16
10
10
0
4
11
5
0
0
76
409
529
19
0
96
75
30
23
171
436
16
23
0
14
2
176
153
119
106
85
71
69
8
20
175
429
23
26
219
567
185
127
100
15
0
180
157
97
85
53
13
4
4
14
0
0
923
182
174
905
72
93
66
38
48
33
40
19
9
669
211
161
128
102
88
60
3
262
180
165
155
150
117
86
82
65
47
32
41
29
58
51
40
13
24
21
13
25
26
16
21
1
5
0
2
0
91
184
293
43
36
40
159
74
187
160
443
576
14
191
78
60
56
45
16
29
16
0
0
0
5
0
1072
1013
241
252
217
528
470
73
62
50
407
31
24
9
742
328
673
195
174
155
68
418
53
8
10
4
0
354
0
312
288
215
188
199
164
159
133
119
103
72
73
78
88
67
56
68
41
43
64
42
36
26
10
7
25
0
21
1
0
0
56
31
276
18
3
437
402
28
379
200
199
163
175
129
86
53
56
49
34
40
10
2
8
9
3
6
214
81
65
38
22
204
138
8
309
178
129
72
41
39
24
25
10
0
6
0
0
282
525
489
478
834
65
53
46
35
15
387
389
4
251
528
161
117
40
22
23
361
307
203
156
153
148
134
64
86
64
47
49
53
31
46
38
33
7
6
10
22
2
1
16
22
12
19
13
2
2
1
2
0
0
171
20
123
101
1
177
153
53
25
17
2
6
137
143
115
122
25
22
5
217
178
148
150
131
84
65
31
24
42
17
1
19
1
26
2
701
442
3
0
137
39
47
47
8
10
4
2
8
8
0
6
9
7
46
1
706
593
187
154
515
125
452
432
793
17
4
7
343
716
574
193
158
122
56
35
28
38
29
24
21
237
164
176
129
132
137
104
91
98
80
60
73
48
44
29
34
34
15
22
1
21
16
23
16
13
1
2
3
8
0
1
0
2
0
88
384
124
57
604
130
456
83
30
23
340
254
75
65
34
42
23
9
28
6
26
26
25
14
10
7
0
0
565
138
121
14
176
449
167
138
134
84
68
18
9
3
1
9
0
0
4
1
0
217
520
159
510
71
65
760
7
336
334
325
248
222
184
165
128
131
438
72
48
50
407
21
25
6
0
263
196
187
165
174
145
145
107
95
95
81
85
81
60
43
48
40
46
37
19
24
38
4
29
14
27
0
1
15
3
15
8
5
0
3
0
0
1
0
128
8
380
460
831
829
238
130
39
21
0
300
221
186
124
79
91
77
74
69
44
23
42
7
0
7
0
8
0
0
172
139
53
16
0
10
5
332
316
632
569
550
170
445
443
60
144
147
108
84
36
42
38
37
12
7
12
1
2
193
505
124
55
43
21
35
737
383
12
350
347
267
173
542
166
153
489
57
394
29
9
13
1
339
234
185
140
160
138
117
113
114
107
93
106
81
85
69
76
49
55
55
44
21
33
40
13
27
13
9
9
14
12
2
10
4
1
0
1
0
131
476
366
122
115
45
33
5
819
0
371
636
170
104
336
182
125
122
83
103
78
56
26
33
12
28
5
4
10
153
121
122
113
93
69
79
80
63
62
63
43
30
29
19
7
21
0
3
4
2
0
32
54
152
135
88
6
0
999
210
496
77
82
421
49
24
363
260
97
94
90
58
52
35
33
31
16
1
19
6
3
185
514
871
132
32
13
755
1
7
130
73
27
8
14
4
12
335
186
155
78
40
18
18
23
11
0
4
0
2
175
169
129
495
87
77
371
713
214
219
177
170
77
55
403
40
13
0
0
277
207
128
115
96
97
97
77
61
58
51
26
30
30
17
39
36
11
2
15
0
0
2
15
0
6
1
1
0
2
0
144
449
133
81
428
534
488
19
205
127
105
77
69
42
38
38
1
15
0
4
174
850
385
687
469
88
11
10
0
0
157
54
42
19
7
18
2
12
2
0
187
158
148
136
127
828
82
73
56
33
30
755
6
22
3
4
14
1
356
342
299
240
226
537
137
430
76
407
38
31
19
14
0
328
310
288
229
142
106
111
87
103
81
78
50
64
36
37
29
44
30
16
32
41
20
2
3
22
0
14
0
5
6
2
224
158
358
152
9
0
63
10
381
633
307
91
347
303
282
260
203
203
174
147
125
100
68
44
40
38
28
17
0
47
35
752
3
259
123
105
235
156
135
114
79
18
24
0
5
3
12
17
6
0
59
191
163
125
102
479
454
94
67
64
24
14
0
325
272
276
281
193
166
78
36
376
388
0
331
281
290
254
247
241
261
238
148
138
123
151
141
106
123
106
98
97
95
61
57
22
33
17
16
10
31
33
15
12
9
3
0
1
3
1
5
0
0
0
2
4
1
0
0
1
144
95
28
745
948
458
53
718
107
254
219
24
16
14
13
0
2
191
182
157
107
75
380
16
0
0
241
417
361
268
211
136
146
110
96
80
72
33
18
0
1
6
12
0
653
284
180
517
141
81
77
69
70
37
10
18
12
14
7
598
571
140
1
26
3
1
0
338
260
216
211
184
143
145
112
105
85
98
82
89
63
52
57
44
52
43
39
53
30
31
34
21
31
39
24
6
7
34
18
5
7
23
11
5
1
151
907
479
5
720
541
3
18
81
37
343
198
141
101
5
348
211
147
155
140
119
84
102
85
75
85
57
32
50
23
7
4
578
143
86
97
36
29
5
624
501
429
57
17
5
273
139
77
13
18
6
0
0
13
1
6
1
0
3
3
2
1
1
1064
162
885
139
125
85
2
10
290
314
269
203
178
190
167
146
474
91
421
420
364
3
356
303
289
300
279
226
190
177
163
167
135
5
0
0
133
449
720
0
0
134
117
490
412
26
27
9
294
195
147
123
74
51
3
11
2
3
359
190
477
834
64
5
9
7
323
139
448
98
62
45
36
9
20
5
5
348
325
304
203
149
125
137
89
106
114
54
62
63
42
47
54
54
28
26
36
24
26
31
17
0
15
18
8
2
0
6
11
2
2
297
126
643
494
191
18
7
0
519
107
407
706
100
10
119
87
60
83
62
45
55
51
55
17
22
22
13
6
1
0
0
192
513
26
739
25
345
317
298
124
38
22
9
172
175
38
9
18
8
5
18
8
13
1
5
0
0
175
170
485
118
118
383
325
293
522
89
365
21
1
12
309
231
236
216
167
143
147
129
132
89
65
45
46
41
28
17
12
13
13
28
3
25
4
24
7
0
15
2
3
517
12
307
472
114
101
17
1
2
6
158
43
420
349
251
338
231
187
169
103
106
22
0
615
94
17
5
4
0
178
106
76
37
36
12
1
0
0
10
823
1009
911
167
908
140
868
100
114
463
59
405
25
38
16
28
203
573
535
541
470
107
435
412
31
37
43
31
368
4
12
348
223
211
215
173
172
107
123
124
93
112
84
78
60
45
40
33
23
28
25
9
11
13
8
4
5
2
22
1
7
2
0
1
7
1
5
77
147
139
122
990
867
123
345
237
219
140
85
25
10
9
213
207
145
147
75
65
61
49
61
19
0
135
513
75
55
0
149
16
0
291
209
211
206
155
102
80
1
5
0
0
467
1022
232
121
859
490
111
453
73
54
45
10
16
12
17
357
350
3
350
323
683
313
164
488
121
115
86
393
9
382
27
11
3
3
279
289
286
216
232
204
175
176
142
135
128
118
105
114
109
82
79
94
84
69
67
81
55
58
59
54
39
30
21
26
39
39
30
9
20
18
16
2
23
3
1
25
14
7
3
7
13
0
0
0
5
0
3
1
2
1
0
649
123
112
652
218
173
0
0
411
48
18
701
222
553
50
44
322
160
142
144
85
66
47
44
22
11
13
2
1
5
0
3
0
9
51
48
39
27
0
351
660
382
0
2
0
111
131
41
7
1
6
0
0
227
592
856
59
2
302
205
532
171
112
465
69
52
55
415
367
4
348
282
305
262
233
202
202
185
179
159
127
139
109
89
63
76
57
56
70
66
67
59
37
50
42
16
12
24
12
26
3
5
6
3
11
1
0
198
63
151
118
68
50
651
66
36
32
80
87
424
44
7
234
212
158
93
94
69
20
25
7
1
9
3
8
0
912
118
79
25
21
8
638
610
591
160
8
0
301
232
132
42
4
0
1
3
171
147
830
468
59
45
382
8
705
678
225
102
56
423
57
49
49
19
5
195
189
183
141
118
105
122
100
97
79
87
75
66
47
53
44
50
57
43
19
23
15
0
3
6
9
1
14
6
10
1
11
0
1
0
55
208
66
33
36
471
28
128
95
339
288
206
180
163
154
95
62
55
38
34
40
2
6
1
0
0
199
162
107
396
16
25
328
212
3
0
340
192
84
46
9
31
1
0
19
946
174
173
154
114
88
16
9
15
611
598
236
239
208
78
14
372
5
10
0
339
254
210
215
228
195
167
169
172
150
129
129
134
114
129
95
102
95
78
77
65
54
42
50
28
25
42
23
34
30
25
25
8
10
0
11
3
0
0
0
1
209
166
3
192
125
18
10
0
533
175
489
37
3
176
99
75
80
69
44
8
16
0
15
7
4
8
128
495
392
2
603
602
53
37
214
83
55
45
42
14
13
0
12
15
0
13
0
283
168
536
131
841
465
86
78
71
74
84
53
800
9
3
702
342
334
273
183
487
468
94
40
19
388
34
383
372
2
273
247
219
197
190
188
178
147
138
130
138
105
112
99
82
85
41
45
61
42
47
24
32
13
24
37
9
8
1
0
23
20
0
8
0
0
8
0
0
0
1
236
102
30
309
190
132
1
12
3
264
167
853
524
120
4
325
278
235
124
126
80
90
48
40
35
15
35
31
22
1
942
150
108
450
90
693
113
180
66
32
46
24
4
21
0
552
910
132
98
72
51
32
7
13
2
372
697
310
313
298
576
192
187
179
111
450
72
68
230
216
209
154
138
135
129
97
92
108
85
104
72
58
46
64
51
58
38
27
28
34
3
3
1
11
0
2
17
14
7
8
2
188
784
332
21
18
322
191
139
160
37
0
98
81
440
431
745
11
283
581
172
140
112
14
309
194
163
56
60
31
28
0
0
10
0
521
893
154
117
70
24
230
605
178
122
0
345
138
114
126
125
47
29
12
30
19
12
2
3
0
638
116
87
450
65
436
16
745
730
347
248
574
586
164
499
126
100
103
99
449
62
435
25
23
30
30
377
390
341
223
224
191
153
150
131
139
116
90
76
66
69
70
64
60
47
62
41
39
40
16
33
23
8
1
0
0
1
13
3
0
1
0
19
127
60
49
17
24
3
246
116
131
12
4
456
205
131
114
76
69
72
50
55
36
25
36
9
17
10
2
0
739
14
186
199
165
159
21
135
128
88
80
78
84
64
33
27
26
30
30
30
24
21
21
25
9
17
8
34
24
0
15
8
0
0
53
399
24
93
96
88
44
13
192
99
458
290
265
116
31
32
24
21
3
85
53
24
29
0
1
0
250
130
113
122
116
87
86
70
75
41
38
38
48
21
31
1
19
3
7
1
0
8
946
557
540
906
126
109
80
15
243
24
14
374
385
6
23
369
287
261
215
215
215
189
202
168
149
137
162
142
143
120
127
100
101
92
77
74
66
43
36
44
39
32
13
23
32
4
2
15
20
1
1
0
15
66
298
98
0
171
126
92
29
366
363
318
580
210
576
155
428
274
161
168
152
130
135
116
97
99
84
67
70
28
7
1
53
213
166
88
61
53
53
30
13
38
19
4
13
6
0
31
0
328
558
170
130
100
43
10
0
249
100
45
30
38
32
20
4
14
7
3
1
667
923
156
149
121
474
363
697
300
273
147
105
441
45
33
38
36
26
355
220
179
165
174
146
154
141
138
108
93
82
83
67
61
67
48
37
40
19
41
28
5
15
21
10
7
14
1
0
3
0
2
6
33
32
34
3
4
517
83
35
400
311
662
195
158
49
384
397
383
10
105
59
44
45
43
16
38
26
789
41
32
621
205
138
158
22
0
173
152
30
19
19
7
6
3
15
13
730
547
131
134
476
14
0
2
158
20
6
359
336
194
187
162
105
81
74
10
1
9
905
124
811
421
428
23
27
15
361
719
705
336
300
673
213
191
179
94
58
18
0
1
319
267
209
194
156
150
138
125
106
97
74
69
71
48
57
43
51
40
16
39
11
10
16
6
27
8
13
14
30
22
5
8
0
0
3
4
10
2
9
7
1
1
840
12
7
148
139
88
775
110
9
6
318
316
163
58
81
0
2
1
204
183
164
763
390
661
2
309
284
115
116
93
58
22
2
11
203
218
152
859
856
121
29
19
3
288
642
624
247
145
73
28
42
8
25
175
151
132
119
110
109
95
104
61
65
68
23
28
41
38
15
39
22
16
2
19
7
12
0
1
2
2
8
14
2
4
3
4
957
126
0
163
8
12
186
1
139
796
685
192
38
14
321
286
191
164
164
137
71
62
61
43
61
36
8
1
4
153
150
86
155
190
143
105
48
35
24
34
10
5
0
0
0
641
895
159
129
113
484
97
96
467
438
794
17
29
9
354
676
302
584
503
125
98
66
49
24
17
17
361
329
299
227
219
197
198
202
161
170
165
149
116
133
115
96
68
70
72
71
52
61
38
32
37
25
29
34
9
23
14
4
6
24
17
17
5
2
5
5
0
7
0
0
0
3
141
97
26
755
354
22
15
19
5
606
892
126
95
90
67
800
76
4
272
606
595
92
33
28
6
3
196
157
124
78
86
39
31
8
0
5
3
145
88
779
24
13
537
34
12
1
270
209
185
158
99
101
69
47
9
6
20
22
28
25
9
0
6
1
2
938
116
83
101
73
60
768
51
18
14
22
13
4
15
0
309
246
189
188
68
49
14
377
1
3
346
295
290
232
177
156
143
145
109
117
113
108
96
82
65
56
42
44
29
29
28
43
47
32
27
27
24
9
3
1
27
17
3
9
11
4
8
1
13
13
0
2
4
3
4
465
131
74
393
0
280
459
6
285
166
153
148
69
39
27
11
8
20
13
0
2
946
77
782
567
101
29
0
284
177
66
61
56
37
38
21
14
5
0
0
1
260
547
163
515
109
121
104
845
104
87
75
72
405
744
737
5
725
217
174
159
133
53
35
2
9
0
225
207
204
135
125
106
87
78
80
39
42
36
18
1
0
5
1
1
13
0
0
1
1
160
103
34
178
66
3
0
103
11
704
250
162
113
495
62
43
20
26
295
247
216
134
75
38
36
34
29
24
7
26
1
107
95
33
743
649
254
550
483
61
43
33
3
192
77
71
49
48
23
16
10
7
13
9
0
1
1
200
183
182
511
523
77
82
427
440
30
369
0
719
644
250
221
210
201
176
189
167
174
96
413
0
388
333
330
271
287
266
221
202
198
187
187
182
184
157
148
117
137
125
83
69
78
78
89
65
54
40
47
32
11
29
22
23
0
0
6
3
2
3
853
443
235
224
216
177
59
87
66
500
69
357
183
96
102
93
82
56
62
33
49
6
14
0
19
8
7
559
139
497
484
31
18
246
157
133
26
21
1
9
2
278
142
86
48
21
23
0
0
5
113
632
206
871
489
84
787
69
10
17
112
54
60
30
17
25
1
341
261
232
198
188
96
37
36
36
50
33
21
42
18
19
26
24
30
13
4
8
0
0
12
10
5
1
663
810
609
60
12
181
1051
515
129
407
199
189
163
265
183
129
116
111
47
39
45
38
20
35
21
6
1
0
2
60
780
21
229
0
280
100
68
28
5
25
3
19
7
11
213
175
524
121
103
91
89
90
44
0
21
15
0
371
332
716
311
249
225
202
176
545
535
109
56
67
39
400
20
7
263
221
208
177
171
138
123
92
77
57
63
40
27
49
41
17
25
36
32
7
15
1
19
1
6
4
18
6
0
0
0
3
197
129
88
162
71
1
1079
270
209
903
137
436
53
75
432
4
266
280
265
374
11
309
130
100
50
37
2
254
68
48
2
370
339
305
291
202
196
166
151
493
324
212
148
151
77
61
50
54
52
17
2
26
4
20
1
919
169
513
100
76
420
23
45
13
11
9
309
82
25
10
379
8
6
312
281
252
216
215
184
185
154
134
116
110
95
73
58
42
28
13
9
16
33
0
10
11
2
9
4
15
8
1
6
12
20
6
7
3
1
9
5
4
504
290
40
493
480
449
442
807
48
55
325
656
72
17
373
320
120
89
83
51
8
2
11
169
865
123
814
43
376
10
281
53
5
142
59
65
58
41
46
3
0
3
0
0
157
136
89
108
74
58
53
66
44
38
426
42
8
1
0
18
2
354
2
191
543
181
123
91
14
5
5
1
8
5
330
300
294
248
222
188
166
168
174
164
151
153
135
142
131
127
86
84
68
62
76
62
33
43
24
33
15
34
16
9
1
0
2
3
6
5
6
0
0
145
95
3
38
3
0
263
113
474
2
304
234
118
134
122
107
90
67
72
28
34
9
29
31
9
3
0
46
15
115
10
344
174
109
98
100
100
36
24
10
1
0
0
9
0
198
144
866
135
468
467
432
62
60
51
41
24
0
6
2
328
700
684
236
579
180
493
45
7
335
285
211
193
185
189
184
138
148
139
119
103
94
92
108
84
74
93
70
50
41
27
22
12
13
27
9
2
5
4
4
2
5
359
148
200
163
28
175
877
835
812
395
188
14
100
108
77
19
10
30
28
10
21
9
7
10
14
1
183
139
248
188
551
148
151
443
15
7
95
93
45
27
22
3
9
0
2
552
523
154
124
113
496
124
123
77
21
25
9
19
678
668
641
654
226
233
210
138
495
70
408
382
33
1
300
238
202
157
153
136
100
110
88
81
59
48
61
48
45
42
41
40
28
26
26
34
20
16
7
19
4
6
5
0
0
0
296
577
3
137
82
60
10
3
1
1
1
501
96
73
12
27
132
109
48
305
241
232
167
61
71
49
46
42
35
40
47
18
12
2
20
106
101
88
753
0
711
19
11
193
97
56
50
16
20
0
0
0
412
170
128
494
106
61
427
414
21
379
15
2
10
200
185
180
504
39
393
21
0
14
2
308
234
232
226
177
185
141
129
135
122
111
102
71
86
70
63
55
42
42
46
39
57
52
29
25
20
17
20
7
1
17
9
11
0
0
1
1
2
3
0
1
3
194
117
116
99
62
18
12
53
61
411
19
23
354
150
157
127
112
74
13
7
14
8
2
0
10
2
155
124
108
44
315
139
106
90
52
0
26
6
18
22
16
3
74
446
88
29
390
750
712
579
553
133
53
12
14
14
5
359
270
194
163
151
134
118
123
77
77
92
85
72
41
66
68
42
23
19
40
31
12
33
20
32
12
8
2
17
0
9
23
0
1
0
10
0
760
0
194
7
333
155
27
343
124
126
113
108
79
70
57
58
27
23
16
17
11
12
1
288
156
114
34
38
2
368
331
336
43
21
2
16
8
181
152
81
75
46
24
15
28
15
8
365
124
109
819
47
46
39
28
45
5
733
342
327
321
223
572
162
98
61
54
21
13
5
5
10
4
202
197
166
134
120
110
82
83
87
82
51
56
38
54
18
34
2
2
15
2
19
0
17
3
5
1
0
278
101
0
4
731
6
543
8
21
127
120
85
45
6
3
0
11
3
6
244
155
100
107
825
16
1
256
163
13
272
262
195
93
50
67
47
53
26
9
3
0
3
237
916
866
112
410
39
26
37
9
13
383
21
7
179
521
124
457
453
67
60
399
9
28
31
0
339
285
252
244
225
217
189
156
146
110
108
111
79
69
36
40
36
44
37
20
19
34
9
26
28
25
9
6
6
0
8
3
1
314
44
109
63
79
33
4
57
70
331
320
517
117
34
204
137
112
108
47
42
38
13
18
2
0
75
70
27
4
488
33
1
323
278
257
171
160
99
34
17
2
1
5
1
896
889
146
479
121
97
103
84
444
46
5
5
351
570
567
117
48
1
303
262
221
207
177
128
109
87
66
70
69
59
56
55
38
36
31
29
31
33
42
14
0
0
16
0
18
0
8
3
12
3
205
544
488
866
119
838
88
65
36
0
0
346
144
61
27
2
3
140
56
60
8
3
0
220
914
180
909
415
47
22
10
0
337
685
687
245
176
102
59
69
405
50
30
7
355
334
313
269
235
212
145
106
71
65
73
67
46
42
47
34
28
43
19
31
14
25
3
11
3
0
0
72
29
7
7
180
878
471
88
43
20
12
712
316
223
211
55
85
73
86
34
24
2
2
17
38
182
175
150
120
490
99
465
755
3
273
173
57
197
159
81
56
31
13
12
15
1
5
161
518
876
832
796
57
37
383
1
682
557
72
69
15
8
5
276
232
172
180
156
88
115
76
95
66
72
65
73
55
33
29
32
20
34
10
13
1
1
15
5
4
2
5
0
4
1
8
1
0
735
43
5
212
96
195
543
148
111
798
2
351
229
29
304
48
49
17
20
41
27
2
14
5
9
1
129
110
16
327
116
24
0
7
173
196
50
46
13
16
7
0
24
187
903
901
151
126
104
107
37
44
734
336
336
303
258
193
181
167
85
78
427
36
42
22
19
10
0
259
232
175
185
126
115
108
97
77
57
49
36
56
48
35
45
15
13
2
4
19
2
3
8
1
1
0
7
66
574
159
525
141
754
14
14
179
161
477
149
149
129
69
63
20
22
24
8
0
2
160
156
456
794
238
191
123
11
3
0
218
133
116
51
53
48
17
15
0
11
7
6
282
204
196
919
902
160
78
82
50
76
3
695
264
603
176
534
86
85
65
28
20
3
2
0
243
215
164
158
173
99
115
101
104
101
66
49
45
26
21
19
16
22
11
20
19
21
0
0
27
17
3
12
0
10
18
4
15
11
3
7
1
0
1
1
0
9
531
145
277
51
15
211
559
137
13
14
374
358
342
249
410
51
15
18
3
190
107
119
71
59
54
36
16
1
132
83
65
38
25
0
4
0
210
296
251
164
179
97
44
42
42
31
23
9
0
3
538
88
79
19
28
16
715
217
173
154
122
15
23
1
275
221
171
167
143
135
99
91
73
73
80
61
44
69
38
31
26
35
33
26
12
26
33
28
1
0
1
22
4
4
18
3
4
0
8
2
0
0
1
483
1
1
249
38
645
172
204
488
287
221
115
95
28
1
14
0
0
5
14
0
1
198
569
138
476
12
723
586
167
73
181
119
35
54
13
23
4
4
13
15
12
0
189
892
818
86
74
48
409
16
26
300
289
618
200
179
182
172
132
114
96
429
62
47
71
412
33
1
3
295
296
271
214
175
146
82
75
55
50
24
15
13
340
259
171
463
478
109
86
445
63
50
422
395
27
3
357
289
266
212
133
121
126
103
122
91
75
70
85
68
60
82
58
35
33
34
44
28
30
19
12
21
35
35
22
10
28
25
6
20
22
8
11
0
2
8
4
1
0
864
98
360
102
343
129
2
682
171
171
104
14
20
362
142
79
87
63
49
41
31
32
28
38
33
16
1
1
1
1
1
116
119
0
1
0
664
75
2
0
201
163
129
63
34
50
26
46
12
12
3
3
7
0
0
414
947
562
147
142
112
465
110
813
464
813
77
45
397
0
3
1
359
678
283
247
242
181
161
160
136
89
65
19
5
1
320
296
266
262
165
151
143
137
105
126
102
99
74
81
71
80
65
58
46
34
48
28
35
20
16
18
32
35
36
19
0
10
0
0
9
14
13
8
0
0
1
457
148
19
19
0
17
180
828
3
335
715
632
161
148
16
326
211
196
185
143
141
141
87
87
47
2
22
8
0
610
167
514
29
13
1
145
86
35
15
373
327
172
121
85
75
46
12
1
2
0
0
403
928
148
146
461
67
20
2
19
5
708
306
193
178
181
152
94
79
69
49
419
384
34
18
374
3
0
312
278
291
244
144
140
146
118
123
111
110
69
71
59
74
56
61
54
38
50
47
53
42
16
8
18
4
23
24
15
5
2
0
0
7
1
0
14
0
9
304
165
18
19
20
353
95
67
14
45
409
470
267
548
474
71
30
202
196
188
95
67
25
10
3
10
0
8
22
4
291
263
633
101
98
8
209
100
104
87
63
17
16
15
33
23
11
3
12
3
0
549
138
86
804
68
758
37
365
318
247
225
155
120
76
55
363
320
217
165
139
103
104
83
84
82
47
58
40
53
38
32
35
38
34
21
24
16
3
10
7
13
1
0
0
9
5
1
5
255
190
158
131
14
399
378
655
291
34
339
244
169
149
111
95
33
34
39
19
8
8
19
2
158
453
68
5
369
9
1
530
148
482
11
21
5
295
296
212
150
148
54
25
11
218
550
828
58
13
628
201
169
414
41
7
0
2
2
374
0
373
295
279
304
297
254
140
126
107
95
90
98
75
41
43
44
29
37
41
24
18
22
7
0
25
11
2
6
24
8
2
11
14
7
2
0
1
2
7
681
473
53
20
25
2
894
547
64
53
7
200
179
118
404
3
6
3
297
269
154
124
129
118
92
74
61
50
46
38
16
21
20
1
10
6
0
0
138
19
0
359
4
16
0
129
62
33
44
25
9
0
26
0
2
0
12
0
0
0
322
526
154
116
496
119
487
86
435
771
6
12
8
701
220
226
219
508
101
101
57
23
25
5
0
302
294
207
183
171
183
165
144
113
102
95
93
71
76
82
54
53
64
49
33
38
36
29
17
24
30
5
19
1
14
4
5
1
4
2
685
174
11
37
24
512
867
520
859
446
449
37
22
1
151
144
91
7
235
189
114
108
80
521
3
14
17
22
70
18
303
264
161
78
11
9
287
274
235
183
88
84
28
4
14
1
10
9
344
42
34
5
0
455
45
369
17
14
59
22
4
20
20
0
0
7
0
0
190
196
139
116
121
84
412
0
365
191
127
110
385
26
28
365
277
143
152
135
150
145
128
145
126
120
110
92
54
43
47
43
44
29
30
15
22
2
25
23
9
0
21
0
15
1
14
1
7
0
10
0
487
18
50
27
40
2
297
555
19
221
238
205
224
138
301
208
197
176
176
146
73
44
12
30
22
25
18
184
109
412
15
152
112
93
52
45
45
50
30
0
2
7
719
187
520
128
105
68
24
50
38
391
352
161
112
98
114
51
51
12
12
12
9
29
5
366
6
338
285
224
207
211
173
162
155
132
123
123
109
128
82
71
79
40
34
35
39
13
23
14
33
32
22
12
0
0
6
0
3
5
4
1
5
113
121
114
98
15
185
483
789
795
66
12
268
151
134
130
56
20
0
0
84
775
5
236
148
23
1
128
91
94
79
60
43
25
7
22
10
1
360
155
131
129
68
22
37
15
4
335
641
262
180
169
512
67
56
410
41
4
344
312
248
220
225
215
173
161
170
142
127
143
114
127
113
114
80
77
88
61
54
66
49
34
37
33
23
30
35
38
17
17
14
33
0
0
5
8
22
1
1
2
2
13
2
1
12
5
0
870
778
69
34
205
152
3
165
126
5
22
322
152
128
91
79
82
58
49
55
52
25
19
3
13
0
571
197
537
45
10
3
531
126
28
25
14
1
285
88
25
18
27
24
1
0
13
2
1
1
174
130
123
111
390
661
282
563
159
29
18
5
1
285
233
198
174
169
155
137
125
96
95
77
63
54
53
48
32
49
29
27
37
30
7
14
29
0
1
1
18
22
1
5
0
14
14
3
1
197
418
212
139
12
913
183
191
852
134
213
149
80
292
198
177
177
137
82
85
29
17
13
10
1
4
5
11
14
14
2
540
887
5
78
9
9
234
231
106
83
49
21
36
14
20
18
1
938
116
94
0
379
724
345
665
182
515
509
134
117
110
110
105
89
85
455
64
30
11
9
376
2
356
126
105
80
91
81
84
71
69
55
40
25
28
26
29
20
7
0
27
19
3
4
7
13
0
21
55
33
29
2
164
168
142
3
266
286
134
100
87
39
18
29
15
7
0
1
1070
133
416
12
579
195
0
264
176
40
18
18
11
4
23
2
2
2
16
7
930
197
911
193
496
121
129
88
79
457
39
410
25
14
21
9
317
634
513
109
65
29
24
1
2
329
259
156
161
143
153
126
115
100
104
88
78
70
62
37
54
27
39
51
27
47
40
12
8
14
18
13
0
2
1
2
4
0
95
903
108
90
829
93
10
177
516
96
38
2
9
1
107
97
46
65
48
28
56
1
25
0
9
3
9
7
7
874
121
35
97
3
348
274
201
151
101
69
80
31
4
4
24
8
9
3
10
0
0
5
471
316
901
144
858
120
108
79
446
423
403
769
30
9
736
687
289
281
627
238
210
179
99
95
63
24
343
214
192
171
191
170
161
164
153
169
144
144
139
139
117
104
97
60
67
58
53
53
71
55
30
25
49
36
24
18
17
26
44
23
32
22
6
17
7
0
390
51
362
306
168
144
37
1
0
434
408
153
149
324
207
181
174
138
162
130
104
77
46
42
21
4
4
11
6
201
875
112
47
0
0
122
486
441
205
127
72
54
24
23
9
14
5
6
1
8
4
4
3
137
114
91
83
53
22
12
2
7
13
17
3
677
691
305
617
582
225
210
129
452
423
55
15
6
1
1
262
223
229
180
165
151
156
110
126
88
65
67
75
65
50
66
64
42
53
27
20
14
38
35
34
4
0
25
0
0
1
20
7
4
0
2
639
191
24
28
128
133
56
60
20
711
571
214
168
22
19
8
0
1
163
155
119
60
0
217
447
61
46
390
2
25
3
312
302
242
230
222
96
62
75
48
40
23
7
6
24
0
0
15
2
2
2
971
537
125
130
81
830
99
92
56
32
41
19
1
0
0
333
290
249
146
444
3
16
4
0
224
177
139
150
154
138
109
67
52
30
38
20
40
25
16
22
18
10
6
1
1
1
140
137
56
199
381
660
173
49
290
149
146
78
81
32
24
0
9
11
7
114
455
416
26
6
1
0
346
220
77
195
185
150
135
64
21
12
602
510
145
149
131
134
491
479
770
763
11
380
5
0
1
352
699
669
655
217
220
186
168
171
46
46
40
16
2
9
165
127
150
133
111
92
88
76
47
43
36
43
27
22
33
41
25
12
11
24
33
20
12
7
0
17
1
2
0
0
3
5
1227
161
9
109
38
1
144
817
423
466
27
9
327
272
174
159
170
122
113
89
76
75
68
55
38
52
22
1
3
5
6
690
442
48
12
16
5
663
279
78
45
33
0
360
112
77
81
14
4
15
0
3
0
1
0
417
524
150
133
128
475
57
412
26
368
350
320
681
300
539
478
77
48
50
34
20
20
7
0
1
315
306
271
170
153
137
118
105
108
107
86
76
75
67
72
46
57
31
44
45
43
17
28
19
13
12
50
49
66
45
40
29
35
48
34
38
28
15
10
16
8
10
17
0
0
2
7
0
1
2
33
8
358
0
1028
92
829
69
781
256
29
359
278
187
166
153
93
73
55
45
62
37
24
11
1
0
6
0
5
1
122
103
75
588
139
111
30
11
4
9
8
189
180
120
71
52
14
36
16
0
0
0
4
0
548
115
112
36
775
0
359
16
218
161
153
104
90
64
43
342
247
262
232
174
188
171
146
137
140
144
124
113
89
70
44
71
42
37
41
22
43
40
31
23
22
2
2
17
2
0
5
4
53
68
30
14
3
917
142
476
97
59
775
188
125
113
380
303
124
72
91
34
27
15
6
265
626
122
93
33
0
722
538
62
168
91
81
80
26
25
4
9
0
126
114
465
800
50
42
0
3
642
177
519
512
470
115
108
459
68
385
20
14
382
3
358
1
210
206
216
191
132
126
108
121
92
62
66
61
43
53
50
47
49
38
47
50
31
24
37
16
32
37
15
11
6
10
0
18
7
11
10
6
0
12
1
0
497
51
140
36
939
19
21
28
9
13
579
141
35
184
154
155
121
95
64
6
0
100
83
16
68
427
0
203
191
144
99
88
77
52
33
30
32
34
1
2
0
0
0
127
124
98
787
10
17
7
735
294
237
166
472
454
79
70
417
17
348
255
224
199
174
152
150
146
137
123
109
112
86
68
76
89
41
48
52
34
29
25
24
13
30
16
12
4
16
9
11
0
0
11
1
12
0
10
1
2
3
202
144
89
247
88
65
10
1
112
90
85
79
58
248
37
38
23
13
5
229
126
110
97
22
15
3
5
2
144
867
92
757
274
628
455
105
17
367
3
334
284
114
67
84
48
54
54
37
26
27
11
11
11
18
9
1
524
266
157
163
121
43
63
12
378
312
607
499
97
424
52
39
35
341
281
281
213
196
177
169
159
93
95
82
96
71
69
66
53
54
36
36
24
10
8
19
1
26
24
16
6
11
1
12
0
9
6
0
7
125
13
336
158
149
74
54
13
29
1
183
164
522
450
72
51
0
227
119
478
112
169
166
144
81
70
88
61
68
60
47
41
42
22
30
35
8
1
5
2
1
9
143
131
124
46
403
8
8
0
45
53
1
9
168
81
68
53
3
2
7
1
1
0
573
934
194
551
142
506
809
67
55
54
37
19
24
636
212
126
128
465
2
22
14
12
345
313
261
195
139
118
115
127
105
96
90
104
79
55
66
64
47
38
39
29
31
26
8
22
21
3
0
12
3
4
0
0
6
4
1
0
438
385
501
0
230
199
64
33
10
524
113
476
476
25
7
512
12
210
175
138
139
109
86
71
24
25
6
224
201
130
45
14
165
131
76
29
8
73
64
53
19
11
3
14
17
1
114
838
464
25
13
1
285
617
266
176
154
97
109
63
411
407
15
400
397
1
0
287
216
221
166
123
127
99
108
97
59
52
48
22
33
25
4
10
0
17
2
9
8
13
2
6
0
0
92
447
150
511
29
293
229
157
131
51
405
388
363
1
245
154
119
114
59
26
29
24
23
24
11
0
261
566
154
451
97
87
79
819
44
0
466
14
26
9
12
0
0
111
94
87
31
0
25
8
1
14
1
0
15
0
945
189
146
811
803
34
397
377
299
279
217
194
566
183
547
120
489
135
124
438
75
392
39
20
356
1
0
373
263
243
218
194
108
82
105
83
91
78
75
45
36
40
27
14
10
17
20
11
4
21
22
14
2
21
0
12
9
2
0
5
3
0
323
869
61
430
789
28
771
766
317
574
70
426
5
229
80
72
88
75
48
37
1
679
515
153
131
489
96
29
23
385
299
207
192
93
290
114
110
88
51
45
33
22
0
6
1
0
2
303
569
158
135
871
115
84
75
72
433
761
418
1
1
590
160
133
518
97
75
453
64
34
37
26
3
10
0
340
246
230
210
199
187
172
160
163
143
132
132
94
78
92
68
58
71
62
43
49
52
55
48
31
35
16
27
6
0
0
0
6
15
19
9
8
1
15
11
2
6
151
886
32
9
727
368
509
26
9
191
147
67
15
20
12
1
215
901
148
134
127
32
1
4
305
17
274
249
103
62
49
47
39
1
23
18
0
20
5
0
924
161
481
103
93
427
22
12
5
3
315
284
255
620
548
163
130
131
139
127
488
98
76
74
69
25
27
22
10
18
26
4
324
252
218
161
167
144
139
137
102
104
92
71
63
71
42
51
21
33
24
16
3
6
0
24
1
10
0
5
18
0
3
0
0
0
166
31
0
168
52
297
246
4
0
979
837
78
61
45
706
179
100
438
17
2
203
212
186
67
20
10
27
6
13
15
0
0
1
0
226
511
124
24
46
13
22
317
449
430
73
11
389
362
340
175
172
190
56
49
56
28
28
31
0
1
0
109
618
233
577
562
509
505
449
72
65
43
409
30
1
3
362
3
6
343
336
690
337
216
212
109
76
45
40
35
14
1
10
311
272
219
199
169
187
141
144
129
103
80
72
58
68
55
46
63
36
54
37
35
43
28
26
13
14
4
4
1
21
0
283
642
171
164
136
86
18
2
363
1
232
120
55
76
29
39
25
15
7
6
0
5
134
510
100
96
71
61
35
744
17
15
1
300
305
249
624
549
198
173
45
28
8
9
334
187
187
165
157
82
95
52
55
31
46
46
32
33
20
16
11
25
15
18
0
6
10
14
21
1
3
15
6
7
5
14
0
4
10
0
7
3
26
285
196
46
18
152
777
35
298
263
251
160
98
61
36
40
26
27
28
0
18
433
38
777
421
25
169
122
96
1
286
219
82
81
78
26
10
25
10
5
1
545
165
114
94
432
784
766
422
18
23
24
751
14
730
349
612
227
173
169
527
529
535
159
120
471
100
58
71
47
17
285
191
180
153
131
131
120
96
87
97
55
60
66
56
29
41
29
6
30
6
11
10
4
9
6
7
5
1
0
871
305
284
183
124
113
857
471
448
54
719
150
130
493
511
32
347
292
167
133
99
0
0
0
219
219
74
0
0
2
0
175
86
9
8
273
266
192
135
101
96
65
25
20
21
5
3
8
1
3
0
0
7
1
513
314
135
95
15
9
371
13
300
286
225
572
562
158
514
507
428
49
296
298
195
188
170
163
164
166
152
140
125
133
128
89
70
68
51
59
63
42
36
41
20
23
33
18
12
20
32
4
14
7
24
1
5
0
2
13
14
2
3
1
9
2
1
418
417
65
418
10
2
1
550
211
187
560
420
70
36
8
174
138
139
88
80
65
51
15
0
0
0
7
0
1
279
864
74
806
1
1
0
285
620
168
160
134
494
132
93
115
0
213
182
132
75
57
35
23
3
12
9
4
505
136
187
534
496
98
441
32
40
24
375
19
11
20
14
7
0
327
252
243
540
510
92
427
72
66
42
6
18
0
0
365
341
173
149
167
141
143
113
88
84
77
80
77
73
57
62
32
32
35
44
48
22
39
13
28
1
26
2
11
1
0
1
189
8
195
56
297
230
24
0
661
540
125
83
41
10
174
89
36
1
327
205
103
66
40
51
44
19
12
1
3
9
13
4
141
35
400
2
0
0
269
7
365
231
123
121
88
87
66
33
60
54
19
12
1
0
2
922
885
897
143
880
887
66
59
25
5
657
596
203
70
65
38
371
301
302
217
199
156
167
168
131
104
83
83
75
57
58
40
40
29
35
26
54
38
23
35
11
36
9
10
18
13
3
10
0
9
2
5
0
260
177
137
28
0
78
21
3
265
487
95
53
32
40
206
118
75
48
33
15
23
7
25
5
11
12
1
16
2
2
4
1
841
794
2
72
2
197
467
30
309
194
12
8
262
121
104
98
59
36
9
15
0
3
43
26
5
8
8
0
1
1
542
134
94
0
369
608
550
183
153
141
456
28
14
0
262
141
62
37
20
14
6
2
4
0
3
564
507
113
462
85
37
10
22
5
2
1
8
331
693
291
586
603
244
198
565
102
480
90
60
77
56
40
45
16
10
366
188
192
174
157
152
151
87
108
89
77
75
53
64
46
34
27
36
24
48
32
46
25
18
27
22
12
11
5
4
11
3
0
1
1
3
2
46
2
228
163
150
5
5
317
622
67
438
56
75
75
58
53
26
19
29
19
203
173
146
872
50
393
94
21
21
6
0
168
141
125
69
59
47
43
18
13
11
11
6
5
14
0
9
5
174
152
515
843
72
416
34
18
37
38
0
710
554
176
545
520
168
140
100
71
28
20
10
368
330
347
305
213
212
198
191
188
183
143
112
122
104
102
91
76
61
73
53
44
41
40
42
42
26
6
11
12
7
0
5
0
6
0
3
3
2
0
193
101
13
364
113
284
183
117
89
48
13
1
0
0
512
389
146
25
351
326
74
33
57
48
38
35
29
33
9
20
0
20
8
1
10
7
7
0
597
924
536
134
843
101
93
87
73
24
362
319
293
646
571
179
488
105
47
51
22
20
369
0
351
289
272
140
139
137
148
144
116
113
123
89
91
92
70
42
62
39
39
22
30
33
34
27
24
20
29
7
3
21
3
0
1
16
2
0
9
17
11
9
4
1
2
7
6
2
0
89
33
291
100
22
12
16
1
874
86
63
529
23
235
218
140
123
107
42
45
48
21
7
17
3
0
2
23
3
8
3
0
713
299
256
180
156
135
403
18
377
14
0
0
211
192
138
116
26
15
14
2
28
1
11
2
0
0
128
171
153
157
490
844
111
116
485
103
475
70
24
389
370
371
1
650
593
549
144
152
94
111
87
80
81
55
48
1
244
136
98
91
96
80
33
45
44
40
6
0
5
11
5
13
13
0
3
118
25
1
105
88
38
26
277
113
120
43
1
146
87
95
56
79
74
51
2
0
9
2
111
67
406
0
415
41
38
16
14
5
259
193
141
98
28
7
3
11
4
13
7
150
145
125
11
5
339
233
185
133
101
79
58
23
19
31
3
1
285
245
218
206
152
143
116
76
71
42
67
44
39
46
31
37
13
11
3
6
10
3
3
880
3
557
845
47
779
375
314
255
260
199
143
137
467
65
12
124
86
87
91
76
59
53
22
13
13
5
8
3
1024
165
857
402
26
29
331
550
401
2
41
30
29
9
8
18
13
0
1
9
4
6
0
0
4
181
139
132
80
43
1
6
280
120
42
28
360
304
653
268
263
216
182
114
463
441
44
17
124
115
96
85
49
24
19
17
27
28
190
909
31
13
0
715
41
50
386
11
9
347
144
104
114
71
33
32
23
16
13
3
7
0
1
1
0
695
140
137
103
66
14
730
0
688
317
206
167
138
46
57
42
33
38
204
185
181
185
188
164
183
150
153
148
115
110
122
89
93
71
58
43
61
54
32
42
31
40
36
15
13
19
6
24
4
27
1
14
0
1
14
2
1
4
10
0
5
1
0
417
9
2
255
588
95
30
698
690
561
179
109
16
278
276
190
128
98
108
66
44
10
0
4
146
31
5
0
2
105
4
2
4
204
106
86
105
69
33
34
20
7
22
26
12
7
12
4
0
0
649
185
193
909
129
109
104
55
760
730
0
1
345
343
289
279
268
238
236
569
161
138
492
429
46
41
30
21
16
271
271
255
259
219
215
189
181
131
91
78
63
46
42
60
35
20
35
39
22
5
6
10
4
5
0
2
18
17
18
13
4
0
0
0
149
406
765
340
161
227
24
435
788
7
287
287
161
107
102
384
18
4
368
333
311
209
71
49
36
45
19
1
13
524
143
112
76
58
417
27
21
541
169
140
10
160
97
60
42
19
29
10
0
1
20
1
18
0
0
343
149
40
25
331
287
257
246
565
204
528
529
520
150
153
95
27
374
5
7
9
334
218
188
162
153
106
67
53
37
45
22
23
13
21
21
28
2
23
2
1
0
8
3
7
0
0
784
216
11
1224
151
32
347
260
227
162
165
108
78
42
56
60
43
34
8
4
212
541
120
80
67
394
0
1
518
137
410
0
4
165
151
134
54
48
25
24
1
0
2
2
0
11
15
10
363
930
156
513
872
859
850
830
74
82
790
69
420
381
20
21
2
12
2
0
636
644
227
184
84
25
9
371
9
293
240
217
221
210
188
186
149
146
116
110
103
86
76
69
83
94
76
67
86
58
54
64
49
30
38
17
26
13
27
16
13
22
12
2
1
22
14
0
5
1
5
462
12
198
142
115
74
63
1
457
82
121
42
34
12
205
143
112
100
70
54
50
31
19
30
30
2
1
16
14
15
2
76
8
193
531
133
412
111
76
42
61
48
52
28
13
21
17
20
0
252
151
166
861
105
51
415
40
11
5
718
279
203
173
48
5
266
198
192
190
162
166
157
123
100
100
103
93
102
73
79
35
49
33
38
42
10
26
26
4
4
6
0
10
0
8
4
8
12
2
0
8
42
316
96
105
393
23
364
328
419
40
0
360
170
120
70
61
54
42
18
2
0
0
3
0
4
0
544
168
498
509
111
464
61
41
737
12
178
184
160
121
452
82
424
71
418
384
1
9
5
9
11
8
352
343
279
298
284
242
207
150
105
70
68
55
50
48
51
47
43
41
24
10
18
23
16
24
1
3
8
0
15
1
12
1
2
1
516
48
40
76
179
121
73
47
16
186
81
255
222
150
508
156
95
70
35
32
24
0
7
26
23
1
0
11
1158
191
893
16
3
313
78
87
83
52
32
27
16
6
4
3
0
143
124
870
487
90
53
420
351
1
287
259
150
512
114
98
80
434
14
1
376
0
5
0
347
278
198
126
127
122
88
94
96
79
71
40
26
36
34
17
17
31
19
27
13
9
1
7
1
3
11
3
2
147
110
431
11
211
182
43
4
857
111
76
6
640
74
333
287
195
125
63
37
23
22
0
2
1022
46
16
10
34
13
0
1
338
242
201
157
152
23
23
19
34
34
15
0
0
10
4
978
201
161
864
139
143
95
45
22
26
333
651
273
53
29
1
13
177
161
151
122
103
110
100
70
94
68
68
68
62
48
44
20
19
27
32
22
1
7
9
26
17
9
0
7
1
0
9
7
2
0
314
390
6
89
261
900
516
123
99
3
251
515
57
368
10
0
299
237
224
203
195
170
159
116
106
79
42
47
23
32
32
9
3
1
7
0
32
40
21
726
361
236
227
211
143
101
6
229
187
99
53
40
25
40
37
16
36
19
15
0
0
585
150
512
140
137
844
801
796
61
41
19
20
741
753
385
5
361
0
354
336
339
286
616
212
203
173
135
124
95
37
23
20
2
3
0
280
239
202
173
167
137
137
151
124
94
93
85
81
89
32
29
40
43
28
24
17
22
17
16
15
15
28
1
17
6
3
2
3
2
6
7
2
0
0
1
505
160
328
76
5
118
42
855
100
45
672
155
498
375
19
19
227
170
83
91
63
40
28
30
29
17
0
0
0
129
88
739
635
515
196
107
91
90
68
58
57
39
35
28
16
0
12
203
188
140
413
786
21
350
698
336
327
635
184
180
524
137
100
7
336
325
192
147
133
143
109
81
71
73
42
52
33
21
25
23
19
0
0
2
2
0
10
3
13
3
0
3
1
0
1
190
77
200
29
17
0
520
473
89
2
213
212
184
162
147
130
107
80
70
63
53
35
38
34
7
22
5
3
3
364
114
65
756
356
197
179
160
37
404
4
323
173
162
76
67
11
23
1
3
0
125
101
50
41
398
24
756
23
11
3
385
1
14
2
354
689
297
274
606
191
185
552
160
161
454
427
24
12
334
282
221
198
147
111
101
77
59
54
51
42
67
60
56
53
39
46
56
43
19
18
8
11
32
17
8
19
1
2
0
2
110
26
62
409
63
21
9
3
11
748
391
106
490
183
123
90
94
13
13
19
8
3
0
0
0
835
410
860
0
92
6
131
48
45
21
22
17
14
14
0
1
12
27
173
177
146
113
71
801
379
18
0
719
649
632
227
167
165
58
39
13
1
335
300
292
274
213
208
165
149
144
131
135
103
76
73
55
60
69
63
39
48
30
15
14
7
22
4
9
11
10
2
0
422
178
403
5
29
7
392
191
516
533
498
814
48
35
9
750
12
242
605
235
131
37
43
23
45
10
24
21
3
295
264
26
0
726
151
453
451
380
0
0
207
168
87
81
100
84
53
13
7
11
18
0
217
184
562
912
137
99
449
52
793
46
397
0
1
728
199
196
189
107
461
65
47
70
416
21
21
4
4
1
342
199
198
177
167
159
149
148
139
113
118
79
80
90
84
57
50
62
49
40
10
12
19
30
19
3
27
2
0
12
0
0
0
3
4
9
0
6
285
35
1
183
165
840
742
311
225
32
8
165
143
51
44
2
14
0
9
6
0
49
903
889
903
851
398
0
306
61
6
0
170
123
106
81
23
45
13
22
182
121
432
419
398
11
14
17
8
136
479
54
17
6
4
9
0
5
345
0
267
174
181
179
175
120
117
103
97
75
35
42
29
53
32
30
25
1
26
1
14
0
0
10
0
2
0
4
534
652
531
154
21
395
387
10
403
291
272
166
65
60
57
27
18
12
26
5
16
0
70
413
9
671
586
532
99
360
0
106
95
106
83
45
32
16
0
1
16
953
178
64
372
13
8
364
0
1
311
281
576
132
123
99
59
37
11
1
14
0
259
214
141
131
106
121
107
88
60
60
57
33
44
24
33
34
23
36
28
7
23
18
5
14
17
5
0
0
0
556
175
75
165
29
22
1
4
243
501
429
409
755
2
48
391
199
180
152
150
73
22
12
0
3
0
141
69
32
11
0
508
159
138
69
12
25
0
302
177
196
157
68
88
58
12
4
7
0
0
0
9
2
3
2
996
214
531
177
151
94
88
768
30
28
8
3
354
328
314
639
262
235
508
98
95
64
61
67
29
390
2
2
4
343
228
179
171
147
132
125
100
113
108
82
56
54
36
31
47
26
41
32
39
1
15
12
4
7
4
3
7
2
0
1
0
1
888
137
125
2
0
69
177
878
816
802
357
158
133
387
5
304
166
101
98
92
66
40
32
6
27
10
8
11
1
136
100
10
7
142
451
97
20
126
90
81
87
12
4
1
16
7
3
0
204
515
123
144
98
479
50
766
19
10
364
2
2
274
57
49
22
1
4
3
369
346
314
212
218
195
177
163
163
136
128
132
102
84
71
71
86
44
36
56
30
40
37
48
29
30
34
14
30
34
19
7
26
6
0
0
13
1
12
1
3
160
14
15
5
73
8
870
0
1
658
226
1
158
142
119
109
82
48
2
2
717
195
131
53
38
368
640
561
534
456
0
108
89
40
46
52
35
37
19
18
22
0
1
7
0
3
0
0
1
237
135
113
106
85
85
71
49
27
740
208
183
404
24
12
9
329
293
216
164
154
140
145
115
87
50
53
55
49
39
37
29
38
41
20
11
14
29
4
13
24
4
1
2
10
12
1
1
2
6
2
518
100
12
152
36
27
16
8
530
825
59
44
20
559
552
152
416
145
113
95
58
60
35
39
29
34
7
7
3
0
496
47
168
175
133
17
150
98
99
56
28
3
17
12
0
11
409
165
138
137
472
64
54
47
35
49
10
0
712
229
159
533
60
394
404
15
20
387
18
221
196
199
196
195
156
127
118
83
83
41
46
47
26
25
42
34
23
16
33
24
19
16
23
0
14
24
2
2
8
16
9
1
2
4
1
3
1
8
3
6
3
0
75
696
115
29
13
158
111
37
21
738
134
49
77
58
55
44
35
21
12
15
9
29
7
8
8
188
151
154
41
26
26
755
364
156
493
3
296
254
218
144
109
104
60
38
35
21
41
13
20
0
0
1
1259
1085
941
194
155
137
498
137
22
23
6
15
2
315
215
151
145
75
54
45
15
13
15
1
2
325
309
296
239
194
192
149
139
151
90
105
94
55
63
55
73
54
57
54
21
21
39
1
18
0
23
19
18
1
1
5
2
7
4
144
671
165
70
0
393
145
101
788
384
712
649
602
149
23
6
142
119
123
89
50
40
34
17
17
8
4
448
0
289
640
109
61
0
0
290
211
120
93
78
46
23
40
8
24
0
1
3
202
188
158
123
109
72
86
79
62
789
366
1
571
564
223
176
518
134
453
438
444
22
18
14
2
367
345
288
275
249
202
199
162
166
149
144
110
89
101
85
85
61
50
54
44
41
61
35
33
28
43
28
39
16
39
4
1
23
0
4
12
12
1
11
5
5
2
15
10
2
0
0
0
828
804
343
193
171
142
89
54
12
5
188
159
169
124
46
46
36
53
51
37
37
17
14
30
6
4
4
14
5
4
97
453
61
0
705
257
212
54
6
238
42
44
22
12
8
12
0
911
137
128
109
451
81
67
61
61
759
32
13
0
299
257
200
188
163
142
129
104
418
35
42
7
14
7
0
4
0
313
295
226
185
168
167
157
176
144
141
148
122
130
94
99
80
94
73
90
54
68
62
39
7
21
1
13
9
1
5
2
0
11
1
1
775
380
307
136
80
27
1
326
131
406
35
26
4
0
712
705
409
27
12
5
148
122
94
82
69
54
55
49
37
29
29
28
30
4
1
11
2
