gmv tiers	count
210.00	202
242.00	65
1158.00	1
20.00	8225
305.00	71
320.00	74
166.95	2
361.10	2
218.00	86
148.80	5
494.25	2
314.20	2
89.00	369
80.25	6
239.10	2
313.00	43
901.00	2
164.20	2
406.00	13
242.70	1
202.00	98
47.75	3
184.20	2
45.75	9
178.95	2
384.00	30
122.10	6
40.60	9
945.00	6
29.75	27
56.25	9
94.50	17
35.40	12
3814.00	1
1842.35	1
467.20	2
1323.50	1
427.00	13
919.00	4
317.90	1
393.50	2
124.40	9
102.50	11
41.90	11
804.60	1
261.40	3
32.80	11
57.85	2
965.25	1
269.00	47
123.70	4
148.50	4
129.25	7
129.70	5
70.90	4
71.25	7
569.85	1
81.20	7
575.90	1
448.00	14
350.10	3
2096.75	1
213.60	1
224.40	4
459.30	2
473.00	15
245.30	1
319.90	1
376.75	1
517.00	14
75.90	8
99.05	1
325.05	1
760.50	1
533.00	12
278.45	1
85.50	15
58.80	17
166.20	5
247.75	1
420.55	1
81.90	7
51.90	8
58.10	4
99.20	3
132.60	9
1100.00	6
220.50	2
105.75	5
111.30	6
137.05	2
290.40	3
736.00	2
212.20	4
186.95	1
86.80	6
101.95	5
122.90	2
917.30	2
247.25	2
272.20	2
811.40	1
382.60	2
411.25	2
192.45	2
925.00	9
97.30	4
684.00	2
114.70	5
1043.00	1
403.85	1
292.75	1
937.00	3
356.00	20
229.60	3
382.75	1
1665.00	1
403.40	2
578.30	1
329.05	1
96.50	4
105.55	2
62.55	1
388.60	1
578.45	1
238.55	1
745.15	1
53.80	8
154.75	3
857.00	4
431.15	1
98.60	7
115.50	7
128.75	3
26.45	2
1922.40	1
302.30	1
327.60	1
933.35	1
202.20	1
126.80	4
747.00	3
810.00	2
573.00	6
25.10	4
356.45	1
751.00	2
563.35	1
330.40	1
271.30	2
41.30	3
1023.00	3
93.70	6
111.75	1
420.20	1
102.75	2
562.00	9
1511.15	1
160.70	3
119.15	2
221.75	1
640.60	1
887.00	3
77.95	2
85.10	1
301.85	1
188.05	1
20.20	4
693.25	2
787.30	1
135.55	2
189.65	1
257.70	3
1094.00	2
359.25	1
39.65	3
92.90	4
168.80	2
69.85	3
34.75	4
146.45	1
38.95	2
80.30	3
235.45	2
518.40	3
97.55	3
105.40	5
164.90	2
103.65	2
536.70	1
1362.60	1
311.20	2
28.45	1
259.25	1
321.95	2
126.95	3
176.85	1
237.70	1
1535.00	1
65.10	2
370.30	1
271.25	2
414.60	2
235.75	1
73.85	1
99.15	1
185.35	1
509.80	2
239.40	2
353.75	2
220.20	1
425.80	2
308.10	2
291.10	1
66.95	1
374.85	1
1288.40	1
169.35	2
272.25	2
272.40	1
273.90	1
631.50	1
502.45	1
177.85	1
1471.05	1
573.20	1
469.50	1
121.30	2
57.65	1
24.89	1
981.00	1
170.35	1
205.25	1
770.25	1
451.55	1
223.40	1
580.50	1
368.25	1
609.10	1
93.25	1
563.50	1
218.25	1
571.20	1
258.45	1
145.10	2
456.20	1
1103.30	1
532.25	1
1549.00	1
283.10	1
2379.60	1
207.95	1
1438.00	1
453.60	1
211.95	1
1511.00	1
2509.45	1
431.70	1
289.35	1
218.90	2
767.90	1
310.15	1
822.00	1
855.25	1
667.20	1
931.00	2
559.40	1
869.65	1
335.15	1
257.95	1
1641.00	1
2722.40	1
234.35	1
339.95	1
240.25	1
259.05	1
303.50	1
179.15	1
761.60	1
5400.00	1
2246.60	1
1781.00	1
372.80	1
598.55	1
805.10	1
1411.00	1
134.55	1
246.10	1
18.35	1
489.05	1
130.95	1
601.80	1
533.40	1
43.00	1092
286.00	38
191.85	2
31.00	977
92.00	390
263.00	60
98.00	443
868.50	1
81.50	9
120.95	1
208.50	4
242.60	3
153.00	189
378.20	1
3945.00	2
428.00	18
383.05	1
91.10	5
298.05	1
36.55	16
1879.00	2
47.90	4
524.00	13
18.20	9
94.20	7
234.60	1
719.55	1
417.00	16
86.50	4
83.80	15
922.00	2
326.90	1
231.60	4
918.90	1
1543.00	3
297.00	42
183.75	2
269.20	1
612.95	1
649.00	6
163.80	5
38.30	6
54.80	6
71.65	1
734.00	1
1215.00	1
40.20	10
834.00	4
731.65	1
43.75	6
301.00	29
120.60	6
30.55	1
17.85	27
54.10	3
55.90	5
149.20	1
179.20	2
1032.10	1
767.00	3
744.80	1
98.80	6
232.05	1
125.20	10
557.35	1
343.65	2
67.75	4
770.00	3
77.80	11
1589.00	1
489.00	16
1409.00	1
615.00	11
107.40	9
367.60	2
1037.00	1
98.10	3
295.60	1
210.25	2
1675.00	1
97.80	3
855.00	5
150.10	4
506.05	1
340.80	3
609.00	5
57.10	6
96.20	10
858.30	1
313.20	1
155.90	3
103.40	5
43.50	11
126.90	1
117.40	2
363.45	2
40.40	10
160.10	1
56.50	7
161.35	2
351.00	18
1548.00	3
1515.25	1
834.40	1
49.55	1
84.95	2
280.55	1
95.65	2
471.40	1
571.90	1
1485.75	1
122.95	1
198.90	3
128.60	4
219.10	5
337.50	3
579.20	1
165.50	1
364.35	1
112.95	2
52.10	5
164.30	2
264.05	1
30.80	3
2057.00	1
920.10	1
716.00	1
59.60	3
117.50	6
86.30	3
724.70	1
345.80	1
748.40	1
213.20	2
631.30	1
316.90	2
137.30	2
356.40	2
1320.00	1
346.50	1
49.75	1
361.80	1
529.90	1
439.20	1
989.25	1
683.70	1
20.45	1
304.20	1
187.30	3
1181.00	2
963.00	1
300.05	1
270.70	1
174.20	1
251.20	4
463.25	1
687.55	1
897.50	1
116.35	2
2492.65	1
841.75	1
8726.00	1
2673.00	1
821.00	1
349.60	1
904.20	1
200.40	2
544.50	1
512.60	1
456.85	1
638.00	3
299.90	1
205.35	1
160.90	2
5856.25	1
334.75	1
570.40	1
927.15	1
279.40	2
63.30	2
166.70	2
348.40	1
383.80	1
196.10	1
397.30	2
97.75	2
139.95	1
2511.00	1
353.80	1
1101.90	1
419.50	1
1380.50	1
247.05	1
246.35	1
743.30	1
18.69	1
1947.85	1
1038.00	1
202.25	1
184.35	1
404.10	2
420.05	1
377.50	1
719.20	1
723.10	1
718.90	1
373.10	1
186.35	1
299.05	1
169.60	1
77.85	2
448.55	1
391.20	1
315.90	2
129.30	2
366.90	1
69.35	1
1550.00	1
167.50	3
1020.80	1
2796.00	1
848.30	1
22.70	1
558.60	1
399.60	1
242.55	1
1046.50	1
1873.75	1
1764.45	1
296.95	1
60.55	1
72.00	614
29.00	1054
58.00	885
709.00	7
850.10	1
113.25	3
148.00	190
278.00	49
36.30	7
137.00	207
744.00	3
155.00	346
116.00	225
396.00	23
93.80	8
68.20	9
65.45	4
45.50	15
51.50	12
252.00	57
214.00	77
37.40	27
40.50	34
371.00	19
100.05	2
402.00	18
5.40	1
385.00	45
421.00	12
95.60	10
127.35	1
779.00	5
42.20	17
67.65	1
51.25	4
64.55	2
36.25	3
100.25	8
838.00	2
78.05	2
368.00	21
265.40	3
869.60	1
225.55	1
317.80	1
77.20	10
639.15	1
340.60	2
795.25	1
35.15	5
199.80	3
76.50	15
53.50	9
120.65	1
386.00	22
566.90	1
307.40	3
118.75	3
649.45	1
95.35	3
173.80	3
256.60	1
305.20	1
108.20	6
454.00	12
516.00	4
589.00	8
122.45	2
230.70	3
621.00	9
155.80	3
97.70	5
323.30	2
1258.00	2
321.55	2
143.50	8
32.95	1
97.60	7
104.45	2
434.50	1
22.80	7
512.50	2
354.80	2
1077.60	1
75.70	3
72.05	3
470.65	1
41.10	4
63.95	2
1400.00	3
340.50	2
187.70	1
308.30	1
117.90	2
295.65	2
630.25	1
1053.90	1
261.50	1
27.75	5
97.90	4
777.05	1
180.40	3
61.85	2
504.80	1
68.05	4
3275.00	1
343.90	1
313.25	2
107.90	3
169.25	1
1125.00	7
282.10	1
380.80	2
2200.00	1
144.45	1
946.75	1
167.80	3
276.55	1
546.40	2
263.30	1
401.20	1
705.35	1
480.80	1
524.60	1
65.25	5
44.05	4
162.10	2
34.45	1
21.15	1
1112.00	2
290.15	1
206.20	3
1221.00	1
565.80	1
550.50	1
477.85	1
505.95	1
985.00	4
281.40	1
394.50	2
3686.00	1
475.85	1
327.15	1
71.90	4
857.15	1
211.25	1
185.95	3
309.75	1
72.55	2
900.30	1
493.25	1
193.45	4
14.80	1
21.70	4
565.70	1
403.65	1
160.60	3
675.50	1
691.70	1
103.95	4
198.60	3
333.75	1
93.90	4
2019.00	1
1115.00	1
1591.00	1
433.45	1
405.95	2
118.90	4
719.10	1
452.20	2
365.35	1
387.15	1
233.95	1
116.10	4
783.40	1
67.90	1
378.35	1
174.90	2
428.65	1
361.30	1
81.30	2
251.40	2
782.00	4
139.85	1
827.45	1
102.45	1
5.10	1
382.45	1
1239.00	1
274.25	1
241.10	1
64.95	2
478.30	1
282.35	1
1394.30	1
289.20	1
131.30	1
1379.40	1
88.70	3
258.90	1
857.35	1
155.65	1
50.85	1
514.30	1
1049.50	1
218.20	1
263.75	1
200.75	1
401.25	1
1893.50	1
358.65	1
592.65	1
749.35	1
570.85	1
21.45	1
552.95	1
192.85	1
8005.50	1
285.75	1
3937.25	1
122.35	1
206.80	1
4.20	1
79.65	1
285.90	1
346.70	1
296.25	1
724.00	1
4178.00	1
624.25	1
153.45	1
2585.00	1
1373.15	1
321.15	1
1402.35	1
597.90	1
38.45	1
66.00	511
407.35	1
171.45	1
234.00	55
135.50	8
355.00	43
126.00	216
109.15	2
246.00	60
78.00	588
318.20	2
530.00	20
154.30	2
167.00	160
18.90	27
150.40	4
233.20	4
133.20	6
62.50	10
11.05	16
86.20	9
16.20	39
22.85	2
12.60	28
292.00	45
305.45	1
461.20	1
521.20	1
389.80	1
310.80	2
186.60	3
38.70	18
188.40	8
143.85	1
169.20	3
3578.90	1
31.25	4
604.70	1
149.80	4
143.20	2
133.50	8
50.40	17
37.05	4
254.20	4
494.00	12
542.85	1
278.40	3
1081.40	1
446.25	1
165.80	4
137.55	4
729.00	5
230.65	4
255.20	3
759.00	3
80.50	6
84.75	2
278.80	4
546.00	3
670.40	1
467.65	1
264.95	1
36.40	9
71.15	4
423.00	20
135.70	2
126.85	2
353.25	2
867.00	2
200.50	9
124.80	3
268.10	2
153.60	4
498.25	1
452.80	2
179.40	1
218.95	2
578.00	9
81.15	1
336.95	2
126.10	2
139.40	3
13.20	2
312.70	1
53.10	12
444.00	14
171.50	3
470.45	1
481.30	1
889.40	1
260.50	1
116.90	3
433.90	2
1265.00	3
1562.10	1
364.40	1
544.35	1
68.25	5
612.00	5
132.80	4
109.60	10
1528.10	1
34.95	2
79.25	4
2043.00	1
39.85	3
138.90	3
1426.00	1
776.30	1
230.80	2
543.30	2
209.70	2
568.50	1
242.50	3
1304.85	1
226.45	1
490.20	1
153.10	2
22.35	1
248.40	1
296.60	2
427.80	1
223.45	1
865.00	2
93.75	3
301.80	2
149.25	2
211.20	2
366.70	3
392.60	1
807.35	1
913.00	2
814.65	1
314.60	1
276.40	2
411.05	1
49.35	1
581.60	1
72.95	1
182.15	2
828.20	1
592.00	5
572.20	1
207.80	2
104.05	1
85.40	7
113.05	1
293.90	1
275.80	1
636.90	1
932.50	1
109.35	1
986.00	1
489.95	1
511.20	1
869.00	4
93.05	2
993.90	1
4177.00	1
443.40	2
273.85	1
327.55	1
249.80	4
125.10	2
2503.25	1
550.55	2
69.75	2
800.20	1
584.95	1
1573.00	1
1935.75	1
30.75	3
260.70	1
62.15	1
1619.00	1
1071.30	1
806.75	1
285.40	2
16.60	2
413.20	1
218.50	2
537.50	1
218.75	1
1147.00	1
204.65	2
341.65	1
65.80	5
105.10	3
238.25	1
579.00	2
2725.00	2
135.25	2
1226.00	1
947.55	1
1261.10	1
391.60	1
444.90	1
462.80	1
986.80	1
373.90	1
609.05	1
368.80	1
718.60	1
174.60	1
554.70	1
202.45	1
468.45	1
2844.20	1
41.95	1
228.65	1
184.90	2
3863.00	1
1434.40	1
961.80	1
173.65	1
440.60	1
786.20	1
181.55	1
286.75	1
46.05	1
3135.65	1
1932.30	1
536.90	1
720.50	1
599.20	1
738.25	1
10070.00	1
175.30	1
165.85	2
438.65	1
203.55	1
361.50	1
675.60	1
717.35	1
241.70	1
260.05	1
306.80	1
508.75	1
705.60	1
183.00	125
13.00	2933
105.00	762
190.30	2
250.00	290
83.00	492
157.00	162
370.00	47
251.60	1
62.00	710
119.00	240
129.00	210
125.00	918
7.00	2181
144.00	174
214.55	2
162.00	137
156.00	139
105.20	2
50.50	7
197.10	2
55.20	20
295.00	82
63.50	9
413.95	1
46.75	19
89.25	5
73.05	4
140.30	3
342.00	26
503.00	16
558.00	7
801.00	2
135.80	7
459.15	2
515.00	25
640.15	2
224.00	67
459.40	1
367.20	2
864.25	2
73.60	9
140.70	6
29.50	3
71.85	2
1847.65	1
381.00	19
1076.65	1
737.00	1
269.60	3
480.00	19
401.90	1
192.60	3
357.40	1
47.25	8
161.85	3
53.60	18
107.60	10
261.05	1
605.00	10
412.00	17
221.70	2
280.10	2
168.10	2
878.00	5
40.30	6
1300.00	9
124.10	3
101.65	4
31.20	24
4.80	2
319.20	1
1365.00	1
26.80	5
36.60	11
378.60	2
33.40	14
48.15	1
84.40	7
898.00	2
170.25	3
467.60	2
249.30	4
33.55	1
291.70	1
119.55	1
586.80	1
537.70	1
180.15	1
548.00	9
253.70	1
35.75	2
166.15	1
437.50	1
254.05	2
327.70	2
125.70	1
226.50	4
198.30	2
191.15	1
380.50	1
213.75	2
18.10	1
459.45	1
34.50	7
38.15	3
549.50	2
80.60	5
1076.10	1
129.50	6
455.75	2
218.45	1
195.25	1
95.55	3
480.45	1
989.00	1
99.70	3
428.85	1
710.00	5
733.00	2
224.45	1
2023.60	1
740.30	1
334.45	2
224.50	2
100.20	8
1842.90	1
192.10	3
192.05	1
50.55	3
69.55	3
279.15	2
59.65	2
1344.00	1
911.40	1
694.00	3
53.30	5
3880.00	1
653.75	1
663.85	1
533.60	1
37.55	3
635.30	1
301.65	1
2262.25	1
507.55	1
430.45	1
193.30	1
68.80	3
326.35	1
75.05	2
1133.00	1
769.70	1
2342.00	1
1055.45	1
118.70	2
300.75	2
324.60	1
239.55	1
669.55	1
139.05	1
542.55	1
583.05	1
1487.75	1
159.80	5
188.85	1
210.20	2
148.40	5
364.85	1
287.20	3
233.50	2
1723.00	1
1170.00	1
83.55	1
100.45	1
255.15	2
255.75	3
2164.05	1
913.05	1
3095.45	1
567.00	2
863.45	1
396.35	1
1282.00	1
296.70	1
293.50	4
1213.00	1
1420.00	2
1361.75	1
396.30	1
776.20	1
1624.70	1
89.50	5
2206.50	1
671.45	1
3163.70	1
488.30	3
515.60	1
207.20	1
571.40	1
86.25	2
485.70	1
526.25	1
330.50	1
357.80	1
130.15	2
1544.00	1
623.75	1
110.90	2
500.25	1
771.00	2
427.60	2
1332.00	2
622.95	1
137.90	2
404.35	1
134.25	4
128.25	4
92.55	2
476.50	1
158.30	1
98.15	2
414.20	1
48.55	3
1055.10	1
488.50	2
1492.15	1
1045.30	1
913.75	1
1150.40	1
1553.00	1
218.70	1
373.20	1
324.90	1
468.65	1
317.25	1
329.40	1
443.90	2
1087.00	1
407.70	1
304.40	1
383.25	1
440.30	1
289.10	1
732.60	1
387.45	1
889.80	1
241.20	3
300.65	1
5868.80	1
243.50	1
477.30	1
2582.25	1
277.25	1
112.65	2
469.90	1
1163.25	1
1393.00	1
306.20	1
662.40	1
783.50	1
246.40	1
432.50	1
626.20	1
528.60	1
625.85	1
387.00	17
100.40	5
251.00	46
255.05	1
143.00	217
102.00	363
712.00	4
42.00	1147
225.00	215
77.40	14
256.20	1
24.40	14
1358.45	1
135.30	6
319.00	43
42.40	16
208.65	1
147.55	3
46.70	4
395.00	38
646.00	1
58.50	31
2229.85	1
195.50	3
88.20	8
221.90	4
135.20	7
58.60	9
42.10	6
98.25	3
74.55	9
72.75	5
29.40	17
124.90	5
531.90	1
60.60	4
16.70	2
82.40	7
106.20	5
108.30	5
591.00	6
282.25	2
1230.00	1
202.80	3
1755.00	1
290.60	2
99.75	4
82.80	14
40.05	3
426.80	2
211.70	3
133.30	3
154.85	2
154.80	5
1770.00	1
263.10	2
35.60	10
668.00	6
411.00	11
564.45	1
2009.00	1
45.70	5
92.20	10
824.00	2
33.95	2
17.40	3
96.80	3
8.10	5
93.45	2
1450.00	2
36.50	5
902.90	1
84.80	8
651.55	1
226.10	1
285.10	3
210.75	1
239.90	1
468.60	1
119.65	1
248.05	1
375.35	1
97.05	2
226.80	2
792.00	6
471.30	1
125.80	5
670.00	6
29.25	7
838.50	1
317.40	1
176.20	4
1089.40	1
693.00	4
39.30	7
1049.99	1
276.35	1
370.80	3
75.30	8
170.80	1
148.70	2
1049.95	1
181.60	5
201.40	1
228.20	2
253.35	2
80.75	11
1400.40	1
1182.70	1
1953.45	1
265.30	2
214.70	2
1731.00	1
140.20	3
147.95	2
350.30	1
337.80	2
103.15	1
333.55	2
2811.00	1
921.40	1
456.60	2
43.70	7
438.15	1
234.85	1
130.90	3
50.90	2
143.70	2
153.40	4
147.25	4
172.45	1
1207.00	2
157.70	3
504.00	4
342.40	3
138.95	2
445.65	1
257.90	1
141.70	3
263.05	2
228.40	2
414.15	1
394.40	1
250.70	1
385.70	3
87.10	3
1060.85	1
325.20	2
210.10	3
233.45	1
680.70	1
1981.50	1
329.50	2
398.70	2
239.50	3
1081.80	1
1171.35	1
170.90	2
1506.60	1
327.30	1
187.05	2
110.35	2
113.60	6
463.80	1
96.05	4
1157.00	1
326.75	1
361.60	2
204.15	2
160.55	2
423.20	1
358.80	1
25.75	1
5750.00	1
113.90	2
2118.00	1
523.50	1
2148.20	1
1172.40	1
291.50	1
220.75	1
177.65	1
482.40	1
615.60	1
941.95	1
231.40	1
187.35	2
672.20	1
156.85	1
1027.00	1
279.60	1
595.40	1
566.15	1
220.25	1
655.95	1
106.40	3
796.95	1
262.25	1
453.75	1
5491.25	1
354.40	1
31.75	1
773.40	1
318.80	1
858.00	1
2792.80	1
449.75	1
134.45	1
248.95	1
364.65	1
217.60	2
311.60	1
392.80	1
261.20	1
498.15	1
333.65	1
589.80	1
189.85	1
167.15	2
630.75	1
594.80	1
120.90	2
2297.25	1
983.75	1
350.20	1
902.95	1
84.45	1
300.55	1
1165.00	1
232.70	1
478.45	1
148.85	1
265.15	1
65.75	1
195.45	1
2318.90	1
225.75	1
8.00	4294
267.00	57
133.00	259
168.00	146
687.10	1
10.00	7966
200.30	2
502.00	12
152.00	183
48.70	5
61.00	551
636.00	8
65.40	8
278.05	2
620.00	16
196.20	2
206.45	1
172.00	152
89.40	11
250.60	4
129.80	6
568.60	2
318.60	3
151.75	3
258.00	65
295.80	3
202.30	5
141.20	8
650.00	25
287.55	2
11.90	30
19.80	33
240.20	4
204.00	62
46.60	12
8.50	20
63.75	16
94.80	6
65.30	5
779.90	2
78.50	8
298.20	1
745.55	1
87.70	9
1011.00	1
152.50	6
2121.00	2
160.25	3
209.40	4
597.10	1
31.80	3
431.00	12
294.40	5
9.50	5
25.80	8
32.60	7
125.65	1
6081.90	1
163.25	1
455.20	1
33.80	12
602.50	1
292.45	3
3865.00	1
114.50	7
100.15	3
207.50	2
40.55	2
337.40	2
637.00	10
201.75	2
167.75	2
211.05	4
172.95	1
147.30	5
876.00	3
219.40	5
99.60	5
56.40	7
139.30	6
439.35	2
117.05	2
83.90	3
435.00	27
155.75	1
154.10	2
42.70	6
72.30	10
38.20	10
49.30	14
65.60	15
44.60	6
809.00	1
1191.50	1
58.25	6
213.10	1
112.60	6
297.80	2
354.35	2
55.30	3
89.45	3
80.20	9
271.85	1
374.00	18
12.65	1
218.10	1
179.45	2
746.00	3
90.80	5
100.50	6
186.25	2
598.25	1
730.00	7
1101.00	2
827.00	2
179.60	3
77.45	2
143.65	1
107.20	2
93.30	4
121.20	6
287.75	2
181.90	1
185.60	3
653.00	4
152.20	1
987.60	1
530.20	3
525.10	1
400.55	1
156.05	3
109.50	7
125.50	5
133.90	1
68.65	2
611.45	2
221.50	6
120.75	2
2615.00	1
29.90	2
123.55	4
205.85	3
21.40	1
194.75	2
242.20	3
1644.95	1
1540.00	1
1648.00	2
395.90	1
60.05	2
79.35	2
252.55	1
912.20	1
73.55	1
955.50	1
6.40	2
328.60	1
119.35	3
50.45	1
642.00	4
210.70	1
403.75	1
402.40	1
42.85	1
234.55	3
205.10	2
149.15	2
559.85	1
182.60	3
285.25	1
252.80	2
384.45	1
73.10	2
592.20	1
701.80	1
406.60	1
569.90	1
807.00	1
1220.00	3
952.30	1
311.80	3
668.85	1
484.70	1
1022.00	4
29.55	3
323.60	2
35.95	1
246.50	2
584.35	1
612.65	1
386.30	1
249.40	3
338.40	1
61.65	2
1416.55	1
722.60	2
327.42	1
579.60	1
1357.00	1
208.45	1
1375.00	2
616.10	1
614.35	1
239.70	2
245.65	1
343.30	1
2550.90	1
177.80	1
495.45	1
461.70	1
372.50	1
11267.15	1
818.00	2
811.90	1
104.55	1
329.10	1
5139.00	1
2840.30	1
1182.40	1
1820.00	1
530.70	1
494.20	2
240.65	1
378.50	1
424.55	1
371.45	1
404.15	1
296.65	1
97.45	2
714.65	1
160.35	2
880.90	1
629.30	1
271.75	1
278.30	1
845.50	1
374.50	1
30.30	3
175.15	1
12896.60	1
259.80	1
1120.00	2
394.60	1
271.40	1
374.80	1
319.75	1
257.45	1
417.55	1
728.05	1
463.10	1
243.25	1
262.30	1
1780.70	1
3504.00	1
317.75	1
468.30	1
838.25	1
161.95	1
377.10	1
298.60	1
423.10	1
1369.20	1
258.20	1
15.60	1
295.50	1
137.40	1
244.20	2
1016.10	1
882.10	1
192.20	2
648.20	1
1637.00	1
1622.00	1
266.15	1
739.50	1
465.30	1
789.75	1
1367.95	1
1729.45	1
285.95	1
529.10	1
190.00	288
24.00	1342
814.05	1
268.40	2
2064.55	1
134.00	200
235.40	4
823.20	1
87.00	439
504.20	2
545.00	12
401.00	25
277.00	47
651.00	6
131.00	170
235.50	4
280.70	2
325.00	83
358.00	25
468.20	1
317.00	30
69.60	14
130.80	7
57.60	23
103.20	14
302.70	2
334.00	33
147.45	2
52.20	20
19.55	20
134.75	2
45.90	25
299.00	39
182.75	1
850.80	1
57.25	1
632.45	1
202.05	1
522.10	1
209.75	4
39.95	7
768.30	1
300.25	2
262.20	1
105.95	1
883.00	2
738.00	5
283.40	4
9.90	13
201.80	1
51.40	7
580.00	9
345.90	1
140.60	4
346.15	1
92.75	5
9.75	7
70.35	2
272.80	2
41.35	4
3262.00	1
54.30	2
645.00	5
405.80	1
123.60	4
65.85	3
277.60	3
630.00	12
64.45	3
226.70	3
247.45	1
221.25	1
463.00	11
24.20	3
1930.00	1
1304.00	1
225.70	2
231.25	1
89.70	3
382.05	2
89.80	5
279.90	1
90.20	6
181.50	5
696.00	1
118.40	11
147.05	1
286.90	2
1318.70	1
4670.00	1
450.15	1
21.90	4
329.30	2
3152.60	1
179.80	4
47.05	2
221.45	1
594.35	1
463.85	1
44.85	3
549.65	1
55.70	5
176.50	5
1019.00	1
220.70	2
166.30	3
772.00	1
245.60	2
628.00	5
427.20	1
242.30	3
110.70	3
62.05	5
31.95	1
1172.35	1
171.70	5
470.10	1
239.80	2
1929.00	1
74.65	3
334.20	2
111.65	2
210.55	1
785.40	1
887.60	1
206.90	1
1210.00	1
687.25	1
796.85	1
307.35	1
312.40	1
3190.75	1
63.90	5
278.55	1
274.20	3
162.35	2
454.40	1
432.10	1
1317.05	1
277.85	1
331.85	2
758.05	1
763.10	1
1552.00	1
112.50	5
23.55	2
945.10	1
895.85	1
752.80	1
13.45	1
173.75	1
522.25	1
272.75	1
796.10	1
160.20	5
57.45	3
2185.00	1
20.25	2
1453.00	3
356.25	1
228.70	1
6.30	9
505.80	1
156.10	1
636.10	1
38.85	1
76.75	3
311.40	1
90.05	2
203.65	2
122.25	2
360.95	1
1222.50	1
906.30	2
622.90	1
236.75	1
95.70	3
187.80	1
610.05	1
1472.00	1
1370.55	1
1566.00	1
540.50	1
278.75	1
114.45	1
543.70	1
253.85	1
378.70	1
677.80	1
923.00	1
184.85	1
286.30	2
299.40	1
11381.00	1
1249.00	1
300.80	1
894.60	1
346.65	1
589.30	1
137.15	1
345.40	1
541.35	1
524.90	1
682.70	1
374.10	2
264.70	1
699.50	2
764.05	1
1014.00	1
152.85	2
52.15	3
316.35	1
826.00	2
170.70	1
355.35	2
58.35	1
288.90	2
589.45	1
669.60	2
25.85	1
1397.00	1
140.05	3
1026.00	1
831.25	1
541.55	1
341.05	1
148.75	1
380.10	1
173.20	3
309.40	1
102.35	1
271.20	1
398.50	1
178.90	1
1004.00	1
145.90	3
77.30	1
413.60	1
175.95	1
230.20	2
1000.75	1
367.70	1
194.70	2
1326.70	1
911.75	1
547.65	1
469.05	1
384.20	1
44.95	2
50.65	2
518.55	1
992.45	1
675.75	1
88.65	1
896.00	2
349.50	1
1108.00	1
963.60	1
181.05	2
224.30	1
188.30	2
156.55	1
309.80	1
246.70	1
440.05	1
642.60	1
243.75	1
591.80	1
1291.00	1
30.00	5973
375.00	95
538.00	13
282.00	39
17.10	17
2438.60	1
169.00	130
52.00	813
175.80	1
180.00	344
718.00	7
384.60	2
600.00	31
17.00	1775
189.35	1
154.45	4
315.60	3
414.00	23
66.20	8
377.00	19
64.60	9
99.30	5
47.70	9
152.40	5
41.60	17
29.70	23
144.20	2
322.50	2
1077.45	1
162.90	5
206.10	3
289.40	2
10.80	14
75.25	6
10.20	15
436.85	3
189.75	1
338.50	4
158.25	2
157.80	6
441.20	1
150.90	3
66.70	6
190.15	2
69.40	13
543.85	1
62.40	14
493.00	18
28.50	14
826.70	1
88.50	8
118.50	9
105.45	2
103.90	5
73.20	10
211.80	2
378.30	1
102.60	12
495.00	20
62.85	3
173.45	1
432.00	18
212.80	3
195.80	1
47.80	8
91.40	4
173.40	2
666.00	6
130.25	1
1063.00	1
104.70	4
50.20	11
174.80	6
977.00	2
231.85	1
432.25	1
188.25	3
26.05	1
68.75	6
189.80	2
436.00	13
61.40	13
859.00	1
159.60	5
377.30	1
222.90	1
740.35	1
593.00	9
208.20	1
1301.00	2
63.80	6
89.60	9
866.00	1
142.80	5
20.60	2
139.55	3
340.90	1
100.35	3
289.60	2
14.70	4
222.45	3
74.75	7
216.85	1
1845.00	2
368.60	2
369.80	2
639.10	2
26.25	3
67.80	5
245.95	1
755.00	8
164.50	7
199.10	1
207.70	2
900.60	1
114.85	1
287.90	1
110.50	7
122.50	5
175.40	5
87.60	5
689.20	1
371.90	1
2193.00	1
90.15	1
352.55	1
842.00	1
316.40	2
226.25	1
99.55	2
232.75	1
107.55	1
722.00	3
221.40	5
249.70	1
425.75	2
188.50	4
96.60	4
903.75	1
685.00	5
974.05	1
310.10	1
974.50	1
329.55	1
179.95	1
232.25	3
230.30	2
728.00	5
459.50	1
140.75	2
48.05	1
19.15	1
165.30	2
1705.00	1
349.80	2
190.20	2
265.35	1
146.60	1
421.50	1
740.75	1
561.60	1
329.25	3
174.75	1
360.60	2
1305.30	1
29.30	3
137.35	1
717.80	1
296.55	1
289.45	1
413.30	1
210.95	1
359.30	1
916.95	1
308.20	2
345.45	1
357.95	1
89.30	3
554.60	1
188.90	3
33.45	1
442.60	1
620.10	1
219.25	1
197.30	2
102.15	1
641.80	1
641.40	1
677.15	1
465.70	1
227.40	1
948.40	1
962.00	2
593.95	1
774.30	1
413.80	1
91.35	1
2493.10	1
889.00	1
75.15	1
43.25	2
106.15	1
91.65	3
31.15	1
128.35	1
175.70	2
194.30	1
455.60	1
170.10	1
213.85	2
119.30	1
770.20	1
1782.00	1
423.60	2
227.25	1
242.05	1
52.85	1
209.45	1
194.40	2
489.30	1
1982.40	1
287.50	1
123.05	3
92.05	1
701.50	1
3269.00	1
949.00	3
818.80	1
330.55	1
811.25	1
490.50	1
1478.40	1
955.80	1
229.35	1
420.50	1
466.10	1
411.60	1
643.75	1
1163.60	1
2148.75	1
2202.00	1
1306.40	1
347.25	1
513.50	1
158.60	2
160.45	2
111.95	1
352.60	1
339.10	1
161.20	1
94.00	328
2215.00	1
400.65	1
25.20	30
475.75	1
738.15	1
16.00	1885
138.00	234
53.90	4
178.00	120
279.00	48
106.00	278
160.00	431
224.70	5
350.00	127
313.75	1
285.00	102
91.20	11
920.00	3
401.85	1
495.05	1
182.00	126
69.95	2
165.70	4
2484.00	1
300.00	198
219.20	2
103.60	8
193.50	7
483.00	9
99.80	6
361.00	24
127.30	3
306.70	1
539.00	6
77.55	1
329.00	29
70.75	4
14.90	1
1094.80	1
113.40	12
891.35	1
349.00	29
593.50	2
553.85	1
476.90	1
536.30	1
35.25	6
268.50	2
220.80	4
46.55	2
187.60	3
155.05	1
180.20	5
38.40	22
832.40	1
446.00	14
1112.85	1
574.20	1
98.90	1
292.85	2
345.60	4
106.50	8
132.90	4
192.40	4
22.10	24
115.80	4
72.50	5
234.80	3
616.00	7
430.00	25
323.50	2
497.00	13
173.50	5
177.10	1
173.30	4
273.25	2
58.45	2
254.40	1
186.50	4
76.70	9
447.00	15
198.80	2
23.20	16
436.90	1
72.20	9
646.90	2
172.60	3
297.85	1
244.85	1
325.40	1
106.90	7
178.60	4
107.10	3
34.10	3
325.50	1
33.70	3
366.20	1
323.10	1
102.90	5
122.80	6
893.00	3
521.00	10
331.90	1
625.00	12
149.70	3
211.40	3
467.00	5
144.60	2
19.90	2
672.90	1
43.95	1
144.55	1
202.40	3
158.75	3
66.60	7
85.15	3
49.10	4
501.70	1
540.75	1
173.60	6
153.15	1
474.10	1
161.40	4
366.55	1
1612.40	1
261.30	1
324.15	1
1075.00	3
106.70	3
292.95	1
19.50	8
7.65	10
297.90	1
189.25	3
72.70	4
587.75	1
20.38	1
357.70	3
3187.80	1
610.50	1
1121.00	1
316.10	2
256.90	2
369.90	1
215.40	2
117.70	3
581.00	6
125.35	3
990.00	3
711.75	1
247.60	4
321.60	1
691.65	1
124.25	1
625.20	1
1030.65	1
383.10	1
237.40	2
95.25	3
1016.00	2
175.75	3
762.00	3
144.85	2
44.45	2
170.40	4
380.05	1
436.10	1
101.15	1
90.55	1
362.10	2
223.20	3
388.40	1
707.20	1
214.50	4
272.95	1
241.30	1
61.70	5
353.50	1
132.30	3
788.25	1
1049.00	1
123.95	1
175.85	1
671.40	1
827.60	1
753.75	1
4305.90	1
373.30	1
843.80	1
363.50	1
825.00	7
250.25	1
347.90	1
338.35	1
120.05	3
1479.30	1
853.60	1
61.25	2
384.25	1
1525.00	1
605.45	1
873.00	2
773.50	1
423.30	1
507.20	1
98.05	2
1104.80	1
1450.20	1
158.40	2
126.75	2
4805.00	1
1967.90	1
15163.00	1
42.45	1
382.30	2
1075.10	1
82.10	2
58.05	2
1009.00	1
55.45	3
79.95	1
415.30	1
697.35	1
452.75	1
549.20	1
201.60	2
76.05	2
158.20	3
1382.20	1
1164.40	1
36.35	1
948.90	1
2175.00	1
437.10	1
1049.60	1
432.75	1
259.35	3
452.10	1
818.20	1
207.30	1
135.85	1
259.55	1
1503.00	1
845.00	2
436.95	1
654.60	1
319.05	1
974.00	1
145.95	1
233.10	1
2602.05	1
88.45	1
91.30	2
700.90	1
550.70	1
22.30	1
561.40	1
170.15	1
55.55	2
140.95	1
2881.00	1
437.30	1
209.95	1
654.40	1
243.55	1
312.75	1
304.50	1
1236.30	1
1670.20	1
109.05	1
862.50	1
714.25	1
870.95	1
5364.00	1
113.00	350
11.20	23
100.80	6
1105.00	3
212.00	100
40.00	4892
75.00	2032
26.40	29
74.35	3
107.75	3
175.00	390
34.20	22
104.00	272
239.00	55
116.60	3
294.30	1
72.40	16
181.30	3
195.85	1
335.00	43
86.00	357
71.10	7
147.60	3
26.35	15
115.70	3
142.20	6
288.80	2
162.85	2
320.35	1
112.30	3
451.20	1
115.60	7
228.60	5
127.25	5
120.25	2
114.40	6
293.20	3
42.30	12
415.00	39
541.40	1
64.50	6
688.00	8
49.40	7
502.50	1
353.00	26
508.00	16
412.20	1
1744.70	1
333.30	1
306.10	1
20.40	39
274.80	3
459.00	6
455.00	24
1434.00	1
588.00	9
109.80	10
40.35	2
131.50	4
39.90	8
59.20	9
1080.00	4
70.20	7
46.90	2
128.20	3
1151.45	1
281.55	2
261.10	2
170.95	3
48.80	18
614.25	1
969.00	2
291.75	1
197.15	2
136.50	2
678.00	7
222.20	3
999.55	1
121.60	3
200.20	3
199.50	3
220.05	1
169.50	3
366.35	1
262.80	2
66.80	6
17.25	2
52.80	12
475.30	1
236.25	2
623.00	4
229.65	1
180.75	3
840.00	7
523.00	9
673.50	1
73.25	4
897.00	1
369.70	2
335.10	1
116.45	1
25.30	10
306.30	2
1555.00	1
106.05	2
714.10	1
150.95	2
333.50	1
1060.00	1
1156.00	1
147.80	5
344.60	1
740.55	1
186.75	2
601.60	1
71.50	3
1028.75	1
114.10	3
224.20	3
224.60	3
163.40	3
62.20	3
1317.15	1
342.45	1
910.00	3
154.50	2
152.75	3
150.20	4
177.20	1
1690.70	1
412.80	2
215.55	1
321.80	2
353.40	1
437.60	2
1182.00	2
84.20	9
370.60	1
296.35	3
257.10	2
128.70	3
59.90	3
156.95	4
211.50	3
448.80	2
319.30	1
214.40	5
171.10	2
854.00	2
231.45	2
298.50	1
69.92	1
473.30	1
227.65	1
306.75	2
1958.00	1
266.45	2
427.50	1
201.20	2
94.05	1
538.50	1
230.60	1
751.80	1
347.65	1
550.05	1
314.75	1
176.25	3
199.20	2
131.95	3
703.00	5
419.95	1
204.25	3
88.55	1
318.40	1
328.45	1
530.30	1
338.20	1
1385.15	1
553.20	1
332.75	1
534.50	1
194.05	2
154.35	1
217.80	1
871.40	1
83.95	1
428.20	1
991.00	2
179.85	2
988.00	2
449.40	1
223.30	1
1269.00	1
343.40	1
134.30	3
165.15	1
272.35	1
139.15	2
725.20	1
346.60	2
583.25	1
357.30	1
621.80	1
1225.30	1
161.70	2
496.30	1
570.25	1
458.90	1
468.15	1
540.80	1
192.30	1
2207.25	1
303.70	2
353.15	1
359.10	1
1018.40	1
2620.00	1
22.45	2
133.75	2
873.10	1
12119.10	1
667.85	1
546.20	1
307.30	2
188.10	1
139.12	1
307.80	1
41.45	1
1106.90	1
237.95	1
187.90	4
2992.95	1
277.90	1
37.85	1
634.00	3
213.80	2
518.20	1
85.05	1
341.85	1
670.45	1
482.10	2
547.70	1
393.90	1
1442.05	1
265.20	1
115.30	1
1575.00	2
253.20	1
862.45	1
53.55	1
152.35	1
235.10	1
489.65	1
532.30	1
224.80	2
904.60	1
363.40	1
1713.40	1
629.90	1
469.75	1
132.05	1
293.80	1
326.20	2
1075.70	1
273.55	1
562.90	1
1415.00	1
180.95	1
311.45	1
258.05	1
83.35	1
1355.00	1
798.80	1
1024.20	1
309.00	35
9.00	2400
49.00	751
37.00	1111
127.00	231
117.80	11
47.00	861
713.20	1
870.00	6
33.60	20
283.00	53
28.80	40
265.00	108
838.70	1
604.00	10
635.55	1
181.40	3
237.00	65
680.10	1
183.80	2
179.50	4
35.80	10
107.50	10
62.90	7
228.00	87
565.00	10
285.80	4
208.30	1
856.00	3
456.30	1
453.00	12
437.00	16
28.95	2
244.60	3
87.25	3
177.40	9
37.80	18
587.00	6
89.65	2
39.75	9
40.80	26
166.10	3
519.00	15
82.15	2
65.70	7
64.25	2
953.00	3
130.50	6
335.50	1
387.50	3
73.30	7
116.65	1
85.20	6
91.75	5
79.40	4
439.85	1
237.55	1
625.80	1
133.80	3
477.65	1
270.50	3
186.40	7
216.80	2
1580.00	1
459.70	2
883.75	1
100.60	13
98.70	5
520.40	3
205.95	3
104.90	4
1237.00	1
20.30	5
395.20	1
127.50	10
162.70	6
333.00	27
58.30	5
608.00	7
274.15	1
82.50	10
159.55	3
163.60	4
267.50	2
52.25	2
252.70	3
161.45	1
166.80	8
168.85	1
119.80	7
76.25	4
149.75	4
32.90	4
82.85	3
190.40	9
2845.00	1
1908.00	1
622.00	6
1429.00	2
322.35	1
355.30	2
182.80	4
176.75	1
181.80	1
722.10	1
10693.55	1
145.35	2
60.50	10
287.70	1
695.05	1
332.30	1
463.50	2
63.70	6
261.60	4
96.25	5
107.35	1
234.05	1
66.50	9
108.60	5
104.30	4
1291.90	1
11.80	1
346.25	2
166.50	1
808.10	1
178.35	1
955.20	1
1684.00	1
89.15	1
250.50	3
185.20	7
189.60	3
388.75	2
175.50	3
202.70	5
1089.00	3
1554.60	1
336.50	2
1262.00	1
927.00	2
206.75	3
136.45	2
87.95	1
1357.85	1
94.90	4
1118.00	1
288.40	2
37.65	1
299.20	2
233.40	2
170.75	2
677.00	2
749.55	1
713.30	1
101.90	1
1401.00	1
744.90	1
305.39	1
314.70	1
619.70	1
437.55	1
168.45	1
178.20	2
727.95	1
398.75	1
24.10	2
296.40	1
282.50	4
297.40	1
267.40	1
117.45	1
426.20	2
662.20	1
255.70	2
248.55	1
467.35	1
1059.30	1
149.60	1
97.40	5
53.25	3
247.90	3
1099.90	1
86.85	1
93.95	2
314.90	1
349.90	2
839.00	4
527.60	1
1614.25	1
297.70	2
240.10	2
805.80	1
3589.15	1
310.50	1
531.80	1
1496.10	1
133.15	2
585.50	1
666.85	1
262.65	1
279.35	1
365.80	2
152.65	1
126.55	1
402.25	1
362.30	1
135.15	2
179.75	1
253.15	1
709.15	1
275.05	2
1882.00	1
277.45	1
149.55	2
172.80	2
1427.75	1
341.80	1
192.15	1
216.20	1
597.80	1
467.50	1
266.80	2
480.95	1
564.20	1
1518.25	1
1629.00	2
1484.70	1
956.00	2
305.05	1
132.85	1
350.70	1
512.20	1
177.95	1
881.40	1
910.95	1
1431.80	1
366.80	1
80.55	1
626.50	1
610.25	1
135.90	2
444.55	1
1244.00	1
314.40	1
202.95	1
146.35	1
617.55	1
1119.60	1
96.65	1
264.30	1
467.75	1
345.50	1
503.60	1
251.35	1
108.85	1
230.55	1
358.90	1
410.75	1
2606.00	1
200.15	1
537.10	1
92.85	1
4850.00	1
25.00	7036
490.00	19
115.00	788
5.00	4054
6.00	1963
575.00	27
240.15	1
225.60	4
108.90	3
98.50	8
23.00	1800
457.20	1
80.00	1795
79.00	455
596.00	4
135.00	528
184.40	4
345.00	50
117.00	267
20.70	27
37.60	23
197.00	87
921.15	1
36.15	3
271.00	46
449.05	1
74.50	9
519.80	1
101.40	7
158.70	2
14.40	59
135.10	4
162.60	3
24.30	26
230.90	1
1082.00	3
145.80	3
72.80	7
56.75	8
78.80	7
61.10	5
24.60	8
198.50	3
174.25	4
85.75	4
297.65	2
414.45	1
74.60	7
862.85	1
28.60	7
190.95	1
189.40	3
39.60	13
289.00	49
101.70	4
92.60	9
410.00	19
165.05	1
151.50	8
35.30	3
598.45	1
500.90	1
752.00	1
373.25	2
174.50	8
441.15	1
35.20	21
3495.00	1
914.60	1
329.15	1
684.80	1
145.40	3
59.15	4
305.70	2
892.95	2
397.15	1
96.85	3
225.25	1
137.70	2
59.70	4
37.20	10
250.90	1
699.00	4
102.70	5
36.45	3
272.50	3
61.55	2
477.20	2
1861.00	1
40.85	3
115.20	13
50.95	2
317.35	1
493.85	2
385.50	3
208.10	1
237.10	2
165.40	8
721.60	1
144.40	5
110.10	2
143.55	1
1149.00	1
556.00	5
195.20	6
131.90	2
80.05	2
153.75	4
219.60	6
83.20	5
332.90	1
171.65	1
929.75	1
28.20	3
141.60	4
76.60	7
983.00	2
161.80	3
30.85	1
66.30	9
222.70	2
203.50	7
384.10	1
1966.00	1
594.20	1
892.75	1
39.10	15
313.60	1
795.00	6
129.90	2
34.60	9
63.10	4
3067.00	1
269.55	1
316.60	1
1518.10	1
244.50	3
115.10	3
252.45	1
916.90	1
331.80	1
196.95	1
122.60	3
482.90	1
296.85	1
635.50	1
222.80	1
304.85	2
965.60	1
697.00	5
129.40	4
130.30	4
343.75	1
652.75	2
1100.50	1
40.90	2
325.80	2
153.25	3
1352.00	1
253.30	3
954.50	1
226.20	2
278.65	1
540.05	1
286.50	1
270.20	3
138.20	6
254.15	1
368.70	1
63.35	1
2766.85	1
77.70	5
390.90	1
81.70	2
370.50	1
1512.90	1
440.80	1
561.50	2
213.30	1
1160.00	2
260.55	1
206.35	2
652.85	1
257.35	1
37.95	2
51.35	2
475.10	1
576.15	1
134.90	4
710.90	1
66.85	2
118.10	3
122.15	2
727.80	1
229.75	2
313.50	2
42.55	2
593.40	1
724.45	1
731.70	1
117.35	2
157.35	1
108.55	1
1163.00	2
457.15	1
481.45	1
360.20	2
57.05	1
224.85	1
1979.00	1
408.80	1
140.15	1
465.25	1
950.50	1
1403.25	1
219.65	1
677.60	2
455.50	1
660.45	1
4223.00	1
757.80	1
193.35	1
91.70	3
92.65	1
2557.20	1
966.70	1
181.75	1
1028.00	1
361.90	1
628.25	1
506.20	1
182.25	1
330.95	1
401.30	1
118.95	2
1556.00	1
202.15	1
1246.00	1
378.80	1
58.95	1
223.80	1
835.35	1
79.05	1
878.70	1
581.80	1
6104.75	1
285.65	1
183.25	1
1095.30	1
535.80	1
581.65	1
500.50	1
1409.70	1
337.10	1
1520.00	1
874.00	1
262.15	1
154.15	1
290.70	1
26.00	1167
194.00	109
410.40	1
56.00	647
70.50	9
577.00	4
161.00	131
192.00	130
517.80	1
266.60	2
162.50	2
99.00	335
426.65	2
201.00	81
302.00	41
162.05	2
59.80	5
217.00	67
1830.20	1
79.30	4
39.40	7
193.70	2
13.30	9
46.50	12
1358.00	2
146.80	6
56.70	9
611.60	2
152.10	4
113.80	9
463.75	1
261.00	46
780.00	7
203.70	1
13.60	42
33.50	9
223.10	2
134.50	5
27.80	9
94.70	3
452.50	1
60.70	5
170.30	1
169.30	1
452.40	2
1000.00	8
240.55	1
18.75	7
275.10	2
60.80	12
1537.50	1
160.65	2
197.60	2
439.75	1
93.55	2
295.35	2
690.10	1
51.95	3
120.85	2
78.65	1
572.00	4
189.15	1
701.00	3
489.10	1
564.70	2
315.95	1
170.20	4
153.20	7
56.60	13
73.50	6
133.45	2
114.30	5
94.25	3
153.80	6
59.75	5
134.40	3
656.00	5
171.20	6
998.00	3
342.70	1
550.40	2
53.70	8
139.20	1
76.80	11
777.25	1
467.95	1
240.90	1
474.90	2
142.45	1
406.50	1
205.20	2
146.55	2
258.50	3
130.75	3
415.20	2
245.15	1
665.00	9
51.60	6
480.30	1
576.35	2
138.70	1
405.90	1
131.80	7
178.10	4
787.00	2
124.70	4
148.30	1
775.00	5
126.05	1
450.20	1
380.70	1
492.25	2
766.00	5
205.60	6
140.65	1
643.80	1
353.55	1
403.50	2
835.00	7
193.40	5
37.25	6
286.20	2
134.65	1
66.65	4
271.55	1
290.80	1
563.40	1
491.60	1
344.90	2
1458.00	1
100.70	3
133.10	3
803.00	2
122.30	3
477.80	1
341.70	1
1346.00	1
64.20	8
121.90	5
145.55	1
226.90	2
200.90	2
376.20	3
163.90	3
386.75	1
224.10	2
353.05	1
142.25	3
112.05	1
328.40	2
87.85	2
30.50	6
781.00	5
261.70	1
258.95	1
185.10	1
224.55	2
128.45	3
348.25	1
278.10	1
917.00	4
34.15	1
19.05	2
33.05	2
333.25	1
520.50	1
1578.00	1
665.20	1
3167.00	1
372.20	1
339.50	1
1051.00	1
647.95	1
561.30	1
601.20	1
185.15	1
397.80	1
43.55	1
232.30	1
1045.20	1
112.85	1
965.00	3
231.70	1
133.05	1
199.35	1
162.25	2
102.30	2
21.30	1
692.20	1
412.50	1
163.10	1
911.00	2
1530.90	1
606.75	1
910.30	1
105.35	1
794.20	1
800.30	1
379.55	1
344.10	1
227.80	1
1271.00	1
353.60	1
180.80	3
204.60	2
342.85	1
1356.60	1
1277.00	1
283.90	2
810.50	1
675.85	1
159.15	2
868.00	2
681.90	1
150.60	2
788.40	1
1032.80	1
73.45	2
65.90	2
277.05	1
174.45	1
128.30	1
1337.30	1
622.45	1
23.05	1
384.80	1
756.95	1
395.40	1
419.45	1
315.85	1
317.60	2
117.75	1
30.95	1
1726.25	1
996.00	1
2560.00	1
205.90	1
305.10	1
4643.20	1
285.30	1
371.70	1
791.20	1
630.65	1
221.95	1
1127.00	1
487.30	1
294.10	1
760.40	1
588.75	1
297.05	1
433.60	1
214.04	1
286.60	1
288.30	1
50.00	4159
130.00	625
260.00	115
2998.40	1
69.70	10
64.00	557
287.00	39
138.40	7
54.00	677
310.00	62
194.20	3
408.95	2
392.00	19
257.20	2
288.00	48
1013.60	1
106.80	7
78.35	3
203.00	108
12.75	28
316.00	30
501.00	10
613.00	13
247.00	63
360.00	48
200.70	1
98.40	6
105.70	2
488.25	2
70.85	1
47.95	5
32.50	5
83.65	2
333.15	1
318.00	34
818.60	1
188.80	2
88.25	4
77.60	12
79.60	8
277.20	4
81.05	1
197.20	3
553.00	8
137.80	5
582.00	11
69.25	4
999.00	1
35.70	18
78.25	4
139.80	3
399.00	22
35.50	8
32.40	28
95.30	3
247.80	3
909.45	1
76.20	6
188.20	5
45.05	7
352.00	24
1025.00	4
2414.85	1
90.30	4
101.80	4
263.20	2
208.75	3
856.40	1
110.80	6
1218.00	1
287.80	3
760.00	5
270.80	1
92.80	6
141.45	1
372.30	3
84.55	4
212.65	4
1283.00	1
106.25	7
72.10	8
367.25	1
690.00	14
2035.90	1
899.85	1
928.00	2
48.90	10
296.80	3
273.10	1
136.10	3
212.85	2
172.25	2
167.60	4
260.30	1
290.45	1
199.70	4
64.75	7
647.00	4
233.75	2
1789.35	1
145.20	3
74.70	6
82.90	4
450.05	1
56.35	1
1466.35	1
215.50	3
91.25	3
427.90	1
568.25	1
215.20	2
107.30	3
674.00	4
126.70	3
420.30	1
574.60	1
63.20	9
26.15	4
103.70	5
209.80	2
184.75	2
85.60	10
30.90	3
127.15	2
142.90	5
230.40	6
181.15	1
147.70	5
138.60	2
66.75	4
316.20	1
586.00	6
125.45	2
721.75	1
351.20	4
430.30	1
395.65	1
93.85	3
671.30	1
64.70	3
539.70	1
79.70	1
323.80	3
449.10	1
312.90	1
109.25	2
541.05	1
158.15	1
295.25	1
1388.00	1
143.25	1
816.15	1
174.30	2
112.10	2
130.40	4
105.80	4
135.95	1
652.00	2
558.70	1
1900.00	1
3684.00	1
644.00	2
186.20	3
324.80	1
3603.00	1
1589.90	1
152.05	2
1895.00	1
172.70	2
218.85	1
437.15	1
13.75	1
324.40	2
101.30	1
130.70	2
225.90	1
156.15	1
16.40	1
214.30	3
116.30	3
358.50	1
928.30	1
2048.30	1
705.50	1
1199.30	1
27.40	5
280.75	2
837.50	2
410.65	2
226.60	2
90.10	1
353.10	2
301.90	1
319.15	1
66.15	2
447.70	1
180.50	1
493.45	1
334.15	1
382.50	1
324.20	1
1395.00	1
847.00	2
429.35	1
27.35	1
760.10	1
198.15	1
39.55	2
1373.50	2
346.80	2
321.85	1
39.35	2
617.75	1
250.45	2
204.80	3
419.90	1
486.60	2
307.90	2
380.95	1
352.50	1
475.50	1
447.45	1
342.50	1
49.95	2
459.75	1
355.80	2
216.75	3
323.35	1
1660.25	1
521.40	1
143.15	1
1012.00	1
327.20	1
35.45	1
687.00	1
2164.00	2
54.15	1
1365.50	1
1928.00	1
354.10	1
485.65	1
1180.75	1
684.55	1
54.45	1
854.50	1
265.95	1
117.10	1
195.70	2
511.25	1
54.65	2
242.80	1
696.90	1
260.25	2
577.20	1
526.40	1
143.90	1
1828.00	1
1512.00	1
318.55	1
272.60	1
642.95	1
399.95	1
788.60	1
210.30	1
2229.00	1
84.00	397
488.00	11
90.00	1412
22.00	2069
391.25	2
338.00	43
111.00	211
359.00	21
327.40	1
138.50	4
134.20	5
154.00	129
88.30	6
240.00	138
54.85	4
121.45	3
26.60	18
614.00	9
104.20	5
275.75	3
4.90	1
451.00	11
420.00	42
369.00	27
599.00	8
475.00	31
576.40	1
192.50	4
87.90	5
262.85	2
55.80	9
499.00	18
86.40	11
223.60	3
44.40	10
248.30	2
199.60	3
54.75	7
152.25	3
264.80	2
288.60	3
321.00	41
204.20	3
170.50	3
1981.00	3
23.50	3
57.90	5
16.15	16
207.55	1
128.80	8
282.20	1
96.15	2
1076.00	2
132.70	1
222.00	70
426.05	1
138.45	1
84.70	4
284.60	3
328.50	1
620.35	1
114.60	5
41.65	4
52.50	11
62.25	6
123.85	1
24.80	15
48.20	7
109.95	2
312.50	3
1379.00	3
893.35	1
194.50	3
105.25	3
79.90	3
117.25	5
647.70	1
280.60	4
62.30	3
199.40	2
56.10	6
114.75	9
418.00	17
104.10	4
354.75	1
222.40	4
971.90	1
529.50	1
136.90	4
595.00	6
1001.00	2
70.65	1
1111.00	1
161.50	3
128.90	1
280.50	2
209.90	2
1187.10	1
331.40	2
1136.85	1
4409.00	1
144.70	2
516.30	1
815.00	2
143.80	4
916.00	2
136.40	6
1598.05	1
739.95	1
841.45	1
142.65	1
249.25	1
77.90	5
2063.10	1
695.00	4
131.65	2
397.90	1
388.90	1
195.40	5
49.45	2
496.45	1
683.10	2
691.25	1
167.20	4
209.05	1
81.65	1
11.40	3
7.99	1
138.80	8
191.30	2
137.25	4
1713.00	1
587.20	2
297.75	1
456.70	1
99.40	7
173.10	2
155.70	3
941.20	1
594.55	1
31.40	4
85.85	1
85.30	4
262.35	1
413.10	2
168.70	3
341.30	2
931.40	1
184.60	3
213.50	2
1091.00	1
119.99	1
725.10	1
365.30	1
221.60	2
577.90	1
165.25	3
290.20	2
1131.10	1
255.95	2
647.15	1
851.25	1
275.20	3
243.90	3
761.55	1
321.70	1
220.30	1
559.90	1
363.90	1
594.00	10
89.10	2
98.85	1
1930.45	1
263.70	1
753.80	1
117.20	2
42.35	1
125.15	1
1106.80	1
125.55	1
210.50	2
2025.80	1
169.10	2
373.60	1
2323.00	1
119.85	1
132.75	1
351.50	3
215.80	2
164.60	4
2020.00	1
367.30	2
87.80	6
96.10	1
409.50	1
212.10	3
256.80	2
402.80	1
405.55	1
224.15	1
38.05	1
167.40	1
66.10	2
421.80	1
746.90	1
849.00	1
301.95	1
204.10	2
735.05	1
826.20	1
1104.00	1
484.60	1
638.20	1
39.05	1
320.20	2
634.70	1
216.95	1
322.65	1
1110.00	1
556.50	1
944.10	1
335.35	1
1947.65	1
772.35	1
1143.20	1
702.60	1
495.40	1
320.95	1
498.60	2
921.75	1
913.50	1
216.35	1
1830.00	1
604.10	1
45.35	1
852.00	1
159.65	1
310.25	1
80.45	1
171.90	1
814.60	1
44.25	1
278.70	1
1232.10	1
284.55	1
156.20	5
12.00	3765
491.00	9
742.00	3
1017.00	4
234.75	1
114.00	216
68.00	798
48.00	1154
54.20	10
229.00	71
2190.00	1
1397.20	1
1090.00	3
713.00	6
220.00	164
756.65	1
259.00	59
55.40	15
92.10	5
290.00	62
133.40	7
81.10	7
119.60	4
461.50	1
382.00	28
315.45	1
168.40	4
23.90	5
136.05	3
885.00	3
433.00	17
112.75	5
172.10	2
331.00	35
258.40	5
291.40	2
577.60	1
496.00	8
62.10	6
209.60	3
82.20	12
479.00	21
78.10	2
555.00	8
793.35	1
79.85	2
136.20	5
541.00	4
689.40	1
183.20	6
105.60	12
132.20	3
141.80	8
528.25	1
172.40	4
227.70	4
67.10	3
900.00	22
5342.55	1
252.40	3
15.80	2
391.50	4
196.40	6
1031.00	1
87.40	11
94.60	7
70.70	5
778.00	3
376.70	1
571.00	3
52.75	3
708.00	1
950.30	1
385.75	1
273.95	2
120.50	9
312.30	2
25.25	1
23.30	3
1889.15	1
872.20	1
82.70	7
1345.00	1
121.25	4
355.40	2
55.50	16
1338.15	1
522.70	2
242.15	1
671.00	3
140.80	2
227.60	1
51.75	4
1135.00	2
730.80	1
1280.00	1
804.05	1
34.55	2
150.25	1
262.40	2
1034.25	1
451.25	1
743.00	2
112.55	2
65.50	2
26.90	4
572.25	1
468.10	3
957.00	3
25.40	6
822.60	1
223.25	3
111.45	3
531.30	1
446.80	2
288.20	1
70.05	2
164.55	1
483.05	1
1002.90	1
248.80	3
930.00	4
284.05	2
54.25	3
966.00	2
118.65	1
3040.00	1
1025.30	1
175.55	1
1060.80	1
215.60	3
509.40	1
602.00	6
226.40	1
972.00	2
134.80	4
253.75	1
101.25	2
154.40	2
484.00	7
241.35	1
509.35	1
1865.50	1
108.10	1
400.80	1
1192.00	2
42.60	6
1579.50	1
262.10	2
498.90	2
393.70	2
147.65	3
1527.30	1
448.05	1
70.55	5
129.55	2
214.10	1
302.55	1
99.65	1
968.00	1
1282.40	1
979.25	1
1005.00	2
554.25	1
794.10	1
246.60	1
780.80	1
151.45	1
210.80	2
402.15	1
1046.00	2
330.45	1
194.10	2
831.60	1
106.60	3
666.40	1
1316.20	1
869.70	1
1266.00	1
130.05	1
46.10	2
831.00	2
244.10	2
236.95	1
273.15	1
602.20	1
385.90	1
395.75	1
542.35	2
492.65	1
610.65	1
26.70	1
159.30	2
86.10	1
364.20	1
692.35	1
1805.75	1
1321.40	1
368.10	1
844.10	1
69.15	2
1025.55	1
380.30	1
259.75	1
268.70	2
1009.80	1
343.45	1
320.05	1
364.60	1
905.35	1
108.95	1
539.10	1
290.95	1
266.70	1
741.95	1
750.20	1
17254.25	1
282.30	1
403.55	1
1616.00	1
2087.00	1
187.85	1
1807.00	1
418.55	1
53.35	2
331.60	1
389.55	1
406.35	1
448.65	1
88.10	1
398.95	1
101.85	1
370.35	1
804.30	1
416.90	1
1333.15	1
1178.00	1
424.50	1
362.65	1
400.50	1
614.30	1
2802.00	1
376.30	1
821.65	1
318.90	1
422.45	1
163.00	177
14.00	1676
149.00	152
112.00	289
221.20	3
65.00	2307
77.00	487
33.00	1337
301.10	3
264.00	47
783.90	1
93.00	413
46.00	749
111.90	6
244.00	63
820.00	2
178.30	3
77.75	6
326.00	33
136.80	6
97.25	6
56.15	4
24.65	26
174.85	1
49.80	7
314.00	31
47.30	7
80.90	4
109.40	6
344.00	24
15.30	45
537.35	1
139.65	1
243.20	2
31.50	34
78.40	10
27.55	5
2045.00	1
10.50	12
622.15	1
332.00	27
444.70	1
41.20	9
385.95	1
137.60	5
254.60	1
675.00	8
359.55	1
304.95	1
206.40	4
1969.15	1
810.80	1
161.60	5
108.45	1
75.10	5
131.40	3
157.30	4
152.15	2
85.35	3
784.10	1
118.35	3
1935.45	1
1260.00	2
139.60	2
182.70	2
166.90	3
91.55	2
260.60	3
1299.00	3
29.10	4
23.10	4
93.50	16
47.40	11
1556.30	1
1650.00	2
148.60	3
118.45	1
579.53	1
190.05	2
330.75	1
414.50	1
155.25	2
23.85	1
37.35	2
239.95	1
244.45	1
29.05	1
259.20	1
149.30	3
555.80	2
911.80	1
384.85	2
67.70	3
172.55	5
43.30	2
441.65	1
90.90	7
164.40	1
36.20	13
980.00	1
1475.00	1
201.50	3
245.75	1
903.00	2
700.60	1
411.20	2
331.10	1
106.95	2
894.00	3
185.25	2
1078.50	1
275.60	1
168.05	2
945.80	2
378.40	1
1001.40	1
48.45	9
549.25	1
101.60	5
164.35	1
88.90	3
488.20	2
947.00	1
293.30	3
3104.40	1
2115.00	2
337.25	2
179.55	2
1399.00	1
46.80	10
64.30	3
695.15	1
760.80	1
633.00	3
335.70	2
122.40	8
112.70	1
617.80	1
115.90	2
629.00	3
907.00	2
255.25	2
292.60	2
159.40	3
601.95	1
336.60	3
185.80	6
569.70	2
171.25	3
110.75	5
398.40	1
256.35	2
100.55	1
692.10	1
236.80	4
218.60	2
877.00	2
45.85	1
670.20	1
158.10	2
1250.00	5
725.90	1
546.80	1
312.20	3
1384.30	1
600.35	1
128.40	6
278.85	1
138.25	4
392.50	2
264.20	2
166.75	1
477.90	2
2348.25	1
310.85	1
379.60	1
339.05	2
276.60	2
534.10	1
204.05	1
238.40	3
289.30	2
517.40	1
628.30	2
172.30	2
114.25	2
814.20	1
266.40	2
278.50	2
240.30	2
811.00	2
735.00	4
213.90	1
91.15	1
418.50	1
1253.00	1
287.25	1
331.05	1
498.50	2
670.50	1
173.05	1
448.75	1
286.10	1
235.20	1
159.85	1
370.90	1
257.65	1
250.05	1
396.10	2
796.70	1
2935.20	1
2561.40	1
1110.75	1
530.55	2
483.20	2
612.05	1
421.20	2
191.40	1
1719.00	1
586.30	1
391.90	1
6604.70	1
216.65	1
87.35	1
253.10	1
283.60	2
438.30	1
466.25	1
750.80	1
491.65	1
304.10	1
149.05	2
82.25	1
735.30	1
1068.00	2
1054.45	1
404.05	1
304.80	1
191.10	1
150.75	1
3284.00	1
1081.20	1
535.10	1
199.30	1
5.60	1
141.40	2
1762.65	1
416.40	1
882.30	1
144.15	1
1471.00	1
546.90	1
238.85	1
599.80	1
298.30	1
393.10	1
249.45	1
3048.50	1
2250.00	1
602.40	1
200.00	469
426.00	14
348.00	27
380.00	61
305.40	4
276.00	40
312.00	41
36.00	1054
159.00	142
248.20	1
275.00	133
250.20	1
895.70	1
103.00	354
103.25	4
95.90	7
30.20	6
186.00	96
405.50	2
42.50	25
459.95	1
88.60	9
662.00	5
245.00	106
227.15	2
56.80	13
284.00	32
96.40	9
96.70	6
340.00	59
5940.00	1
2763.00	1
376.00	14
1013.00	1
909.70	2
316.75	1
40.65	2
165.60	2
125.30	3
219.30	3
27.10	5
74.10	1
1055.00	1
279.75	2
139.90	3
44.80	15
449.00	9
75.20	7
351.45	2
814.00	3
116.95	1
1065.00	2
133.55	2
507.15	1
921.00	3
311.50	1
243.60	2
65.65	1
186.80	2
657.00	2
27.60	9
200.55	4
90.50	8
28.30	5
83.30	4
293.25	1
313.70	1
195.05	3
141.30	3
149.45	3
7389.00	1
48.50	12
378.00	27
441.55	1
126.30	4
206.60	5
44.75	5
217.90	7
77.50	7
552.00	8
389.10	3
230.50	3
492.95	1
726.90	1
24.75	6
113.20	5
18.60	2
113.50	11
163.85	1
688.85	2
28.25	5
64.05	1
691.10	1
876.50	1
1639.00	1
229.25	4
1074.00	3
73.40	9
12.35	3
38.25	19
627.20	1
227.75	3
168.50	6
1139.15	1
289.15	1
68.60	11
74.30	6
55.05	2
35.05	2
178.85	1
178.45	1
656.80	1
1435.00	2
224.25	2
47.15	1
127.20	3
291.80	3
643.95	1
207.10	2
332.60	2
836.00	1
217.50	1
330.90	1
267.60	2
75.55	1
73.70	4
381.65	1
104.40	3
157.65	2
482.05	1
292.65	1
75.50	11
293.60	2
548.30	1
356.05	2
143.40	2
436.25	1
275.25	1
80.49	1
392.40	1
48.75	2
24.15	1
470.90	3
882.00	1
332.55	1
286.40	1
1636.00	1
634.75	1
42.95	6
411.30	1
499.50	1
231.65	1
906.80	1
189.90	4
265.55	1
580.40	1
389.30	1
33.10	6
59.35	1
644.10	1
1229.60	1
194.15	1
19.40	1
453.20	1
83.25	1
370.20	1
229.10	3
808.00	2
334.40	2
54.55	4
2427.00	1
156.40	4
796.45	1
265.50	2
459.20	3
2567.00	1
902.25	2
353.45	1
1953.00	1
484.80	1
530.60	1
360.75	1
1024.00	1
63.05	1
23.35	1
1288.25	1
1026.30	1
940.20	1
1977.00	1
381.40	1
2275.00	1
204.70	2
248.35	1
364.55	1
161.05	1
229.05	1
453.80	1
192.75	1
172.05	1
82.95	2
556.75	1
215.75	2
98.45	2
1289.35	1
276.75	1
183.45	1
1457.70	1
857.10	1
74.95	1
802.00	2
228.80	1
151.70	1
149.65	1
1204.00	1
636.70	1
83.45	1
307.45	1
336.20	2
467.45	1
415.10	1
210.35	1
536.20	1
26.85	1
132.65	1
347.15	1
550.60	1
443.70	1
228.15	1
126.25	1
388.65	1
104.35	1
107.00	282
306.85	1
452.00	13
223.00	91
141.00	167
466.00	14
74.00	445
164.00	135
363.30	1
274.00	45
216.00	71
443.00	13
241.00	60
187.00	121
311.00	32
219.00	86
347.00	19
101.20	6
31.05	3
23.40	30
149.95	1
30.40	28
229.50	1
52.40	8
53.95	4
470.00	24
59.45	3
59.40	10
799.00	1
498.00	8
550.00	40
73.35	2
428.05	1
90.70	4
971.00	1
123.75	3
156.80	11
186.55	2
209.20	6
116.25	5
141.25	2
5850.00	1
616.75	1
784.85	1
121.70	2
614.95	1
658.80	1
274.70	2
354.00	24
270.10	1
9.80	12
512.30	1
1288.65	1
123.40	3
169.40	5
132.50	5
890.00	5
105.50	9
31.70	3
173.90	3
706.00	5
107.70	4
557.00	9
108.40	7
385.60	1
368.50	1
274.40	3
319.50	2
102.80	5
374.30	3
158.55	1
41.40	19
338.55	1
206.05	2
121.95	2
132.25	2
184.80	2
99.50	9
1327.00	2
2116.45	1
152.80	4
44.50	5
1187.00	3
110.20	4
67.60	7
1070.00	4
132.55	1
576.00	3
557.25	1
165.20	3
600.65	1
34.05	2
806.10	1
58.70	3
94.55	1
185.05	2
175.90	2
145.85	1
71.70	4
280.80	2
612.10	1
395.50	1
303.80	3
239.25	2
39.20	13
571.55	1
82.35	2
485.60	1
748.00	4
123.30	3
100.90	4
1102.00	3
387.20	1
35.90	4
351.80	1
579.25	2
239.30	1
247.20	2
453.15	1
895.00	2
65.05	2
63.25	6
102.05	3
493.75	2
171.75	2
1229.20	1
281.20	3
276.65	3
95.45	1
526.75	1
1325.00	1
825.45	2
38.10	3
1099.00	1
219.15	1
366.10	1
812.30	1
98.65	3
92.25	5
290.30	2
154.60	2
1040.00	3
55.75	1
227.90	2
323.65	1
146.50	4
766.95	1
530.25	2
442.30	1
460.20	2
78.20	7
236.70	2
34.30	2
1233.05	1
924.00	1
338.90	1
163.20	5
177.90	1
2295.00	1
58.90	7
176.15	1
200.25	1
1016.20	1
184.25	2
240.50	1
243.80	1
16.50	5
1760.00	1
383.90	1
28.85	2
102.95	1
1970.00	1
232.60	1
1279.40	1
119.25	3
327.90	3
96.30	2
286.80	2
2408.00	1
317.20	2
887.05	1
1130.00	1
24.45	1
185.30	2
587.85	1
275.70	1
362.20	1
1155.75	1
149.85	1
501.40	2
180.60	1
227.20	2
407.05	1
711.00	4
522.85	1
130.55	1
3205.00	1
862.00	3
68.15	1
225.40	1
225.80	1
180.05	2
131.10	1
352.90	1
474.85	1
228.30	1
184.70	3
306.40	2
718.35	1
173.55	3
1462.10	1
396.90	1
558.25	1
90.75	1
86.55	1
939.00	3
309.50	1
597.30	1
92.45	2
20.10	1
109.10	2
1018.00	2
267.75	2
457.70	1
110.55	1
122.55	1
1150.65	1
184.95	1
44.35	2
561.05	1
310.60	2
933.25	1
291.20	1
698.20	1
198.55	1
289.75	1
287.95	1
75.44	1
905.00	2
31.55	1
936.20	1
400.90	1
196.65	1
170.05	1
757.10	1
131.55	1
435.55	1
946.40	1
331.70	1
784.45	1
77.35	1
162.45	1
395.70	1
326.55	1
806.00	4
238.00	67
938.60	1
488.60	1
700.00	15
365.00	51
334.10	2
132.00	206
7.60	1
583.00	6
181.00	109
476.00	13
174.00	114
210.45	2
425.00	29
152.70	2
152.90	2
964.60	1
18.70	28
198.20	3
32.30	18
2350.00	2
57.40	2
23.75	7
535.00	7
440.00	34
36.10	4
364.10	1
28.70	8
61.15	3
367.00	22
51.80	11
1497.00	1
245.20	2
296.50	1
32.55	3
505.00	15
90.60	7
442.00	12
79.75	8
231.20	3
142.50	6
76.30	5
118.30	4
47.60	9
429.20	2
238.65	3
3271.45	1
203.80	5
64.10	3
504.70	1
246.80	2
171.40	5
417.25	1
205.65	2
758.00	3
534.00	9
64.80	10
403.95	1
523.80	1
1620.00	2
559.00	4
87.50	11
25.70	2
127.60	7
84.60	6
415.35	1
51.20	12
1223.00	1
82.30	4
2125.00	1
225.45	1
127.80	8
83.70	10
111.25	4
362.60	2
620.65	1
469.85	2
225.85	1
307.00	26
368.20	1
1537.00	1
676.00	5
607.00	4
1006.35	1
727.00	4
829.35	1
886.35	1
396.50	2
71.45	1
1002.00	1
167.25	2
1707.00	1
27.50	7
87.55	4
157.60	5
299.60	2
387.05	1
957.30	1
1417.45	1
123.10	5
1051.90	1
155.60	5
902.00	6
12.80	18
338.25	1
126.20	4
164.25	3
133.70	3
257.30	4
223.50	4
153.50	4
171.30	3
180.10	1
2359.00	2
763.00	5
1104.20	2
236.10	3
9.10	4
1232.00	1
9.30	1
713.40	2
104.25	3
66.25	1
385.25	1
151.60	3
76.10	2
363.70	1
2488.00	1
384.15	1
395.49	1
110.40	6
37.70	3
1254.00	1
257.40	2
224.95	2
24.50	10
323.70	1
870.05	1
445.20	1
44.10	9
408.05	1
9.35	4
445.90	1
266.75	2
213.40	2
247.70	2
441.60	1
1442.60	1
389.70	1
1303.00	1
594.60	1
1875.00	1
118.05	1
407.80	1
251.80	2
334.60	1
62.80	5
1750.00	1
51.70	1
68.85	2
893.80	1
559.70	1
668.40	1
3149.00	1
31.60	7
419.25	1
181.10	1
813.00	2
314.65	1
953.55	1
791.30	1
508.15	1
249.10	1
153.85	1
320.40	1
57.35	1
311.90	1
1290.00	2
793.00	2
332.40	1
180.55	2
78.75	4
424.60	1
350.05	1
357.60	2
40.10	2
5000.00	1
613.40	2
158.90	1
393.40	1
373.80	2
60.25	1
1572.25	1
3744.00	1
791.00	4
222.30	1
366.60	1
483.60	1
90.85	1
863.00	2
194.80	1
273.75	1
80.70	1
689.10	1
115.75	3
270.45	2
978.00	1
359.40	1
381.60	1
229.30	1
247.10	1
328.80	1
121.10	1
789.60	1
118.85	1
169.90	1
453.50	1
201.10	1
1356.00	1
365.25	1
1130.40	1
450.90	1
196.75	2
581.10	1
906.60	1
172.65	1
1365.55	1
397.35	1
2168.00	1
169.70	1
327.10	1
740.90	1
432.60	1
1439.80	1
1814.00	1
196.85	1
923.75	1
1742.50	1
1233.00	1
184.30	1
1515.50	1
427.40	1
766.50	1
63.00	865
446.50	1
81.00	381
101.00	282
1058.00	1
166.00	127
142.60	2
230.00	154
185.00	293
118.00	324
71.75	6
91.00	304
116.20	6
281.80	2
91.50	6
59.50	24
438.00	13
443.75	1
162.40	5
69.20	4
159.75	3
343.00	38
29.60	17
1347.00	2
640.80	2
37.50	19
397.00	27
83.60	6
324.00	29
465.85	1
750.00	19
255.60	5
460.80	1
583.50	2
32.20	6
258.85	2
101.35	2
133.25	4
44.20	12
117.60	6
143.75	4
79.10	5
178.80	2
363.00	26
244.30	3
10.45	4
81.40	6
364.00	15
201.30	3
81.60	12
60.10	6
627.00	5
183.90	4
461.00	10
255.45	3
202.75	2
110.60	6
549.00	11
233.80	2
115.15	1
183.50	2
506.40	1
275.90	1
57.70	2
611.00	3
165.95	1
6.80	3
71.35	2
82.60	9
961.00	2
761.00	2
298.10	3
340.45	1
93.20	4
15.20	18
305.50	2
648.00	5
434.00	14
449.30	2
17.50	9
113.75	2
300.40	3
81.80	5
527.20	1
726.00	5
278.60	2
704.30	1
187.45	1
618.95	1
150.50	5
790.35	1
28.40	10
38.60	3
417.10	1
60.35	2
140.10	4
219.50	2
19.60	12
7.50	4
603.00	7
277.70	3
470.60	1
24.70	7
153.90	1
257.50	4
322.40	1
316.85	1
1128.50	1
86.65	2
205.40	4
189.10	3
89.20	11
234.30	3
82.75	7
41.25	3
22.75	5
69.80	8
689.75	1
326.60	2
329.60	2
893.20	2
333.60	3
320.70	2
122.05	2
142.35	2
173.25	1
109.30	3
251.70	1
124.30	3
37.10	6
612.20	2
472.30	1
342.30	1
55.60	5
39.50	6
615.20	1
128.10	2
429.70	1
154.70	4
148.45	2
192.25	2
625.70	1
164.80	1
25.55	1
93.15	2
33.25	8
380.20	1
303.20	1
101.75	2
178.25	1
267.70	2
247.50	4
67.95	3
328.25	1
89.35	3
84.15	1
34.65	2
154.20	5
663.20	1
289.80	3
391.30	1
527.90	2
48.85	1
31.90	5
283.35	1
121.75	1
238.70	1
1213.35	1
95.95	3
241.80	1
83.85	2
302.80	1
97.95	3
1007.00	2
476.30	1
112.20	4
293.75	1
59.25	1
149.10	2
283.80	2
1171.20	1
108.70	1
1154.00	2
1700.30	1
659.00	5
1083.30	1
293.40	2
147.85	1
218.30	1
1081.00	1
716.50	1
567.20	1
8.55	1
235.05	2
1425.00	1
2015.50	1
1219.90	1
252.15	1
216.40	3
209.10	3
270.55	1
441.35	1
82.05	2
82.65	1
604.05	1
2066.40	1
371.30	2
147.15	1
212.25	2
138.35	2
534.40	1
201.95	1
239.20	1
313.30	1
228.05	2
1221.20	1
741.50	1
47.55	3
838.45	1
1305.00	1
259.95	1
1011.40	1
832.00	1
182.30	1
769.15	1
94.45	2
106.85	1
479.20	1
1193.75	1
503.50	1
495.50	1
416.95	1
369.25	1
517.10	1
458.60	1
648.90	1
365.75	1
264.90	1
71.95	1
598.80	1
1542.85	1
322.75	1
723.50	1
938.00	1
99.10	1
526.80	1
896.80	1
196.70	1
506.80	1
191.95	1
294.60	1
1452.00	1
272.90	1
1034.00	1
770.30	1
1452.70	1
30.35	1
366.40	1
430.85	1
152.45	1
146.75	1
2437.90	1
559.50	3
213.00	79
2069.00	1
168.20	6
136.00	182
58.40	13
195.00	222
424.00	13
514.00	8
1191.00	1
122.00	270
145.00	488
44.00	771
150.00	818
77.25	4
254.30	3
389.00	24
569.00	10
85.90	5
192.95	3
445.00	24
56.20	8
74.85	3
26.10	11
75.40	14
416.00	15
1350.00	6
95.50	7
55.25	10
67.15	5
16.90	1
156.60	5
481.00	15
30.10	7
157.50	5
336.00	19
143.30	2
319.40	1
255.10	3
281.70	2
112.40	5
79.80	7
870.85	1
381.90	1
198.95	3
68.40	10
336.80	1
481.15	1
79.50	9
53.40	10
106.65	1
168.60	3
1006.00	3
102.40	8
24.90	3
871.00	2
122.75	2
236.20	1
65.20	12
614.20	2
390.00	35
331.50	1
303.55	1
156.70	3
468.55	1
277.35	2
725.80	1
590.10	1
461.30	1
448.50	1
430.50	2
59.55	4
2210.00	1
22.20	1
76.15	2
689.00	3
418.80	1
679.00	4
83.40	8
169.45	1
617.00	7
180.65	1
50.25	5
473.50	1
98.30	4
390.45	1
563.00	6
473.70	1
741.45	1
240.40	3
214.25	3
219.80	3
102.55	2
59.10	6
627.40	1
1173.00	1
121.40	2
1998.50	1
460.70	1
875.80	1
178.40	5
640.00	10
78.15	3
34.35	6
101.45	2
119.50	5
243.30	1
1584.15	1
276.85	2
357.35	1
707.00	4
139.70	3
296.20	4
60.45	2
50.35	1
131.20	2
11.25	6
71.20	8
103.85	3
680.00	10
26.20	7
183.35	2
104.95	2
35.10	17
522.00	11
631.00	4
299.75	1
1478.80	1
128.95	1
338.45	1
111.55	5
4300.00	1
365.60	1
254.50	3
179.10	2
326.50	1
1183.00	1
729.55	1
1119.00	2
381.20	1
279.55	1
344.75	2
45.30	4
389.90	4
1839.00	1
179.90	1
133.95	3
335.25	1
4495.35	1
269.65	1
80.10	7
1257.00	3
1541.30	1
124.05	2
255.40	3
214.60	2
60.90	5
104.85	2
247.15	1
120.40	5
258.60	2
144.10	3
297.50	2
1621.80	1
683.20	1
366.45	1
15.75	9
202.10	1
265.75	2
259.60	3
1155.00	2
3371.50	1
638.75	1
767.05	1
513.65	1
146.95	1
744.10	1
1935.00	1
59.30	4
52.55	2
327.25	1
444.65	1
511.90	1
450.40	1
448.60	1
1445.10	1
54.35	1
1351.00	2
314.80	2
883.25	1
2689.55	1
693.90	1
170.60	1
1338.00	1
308.85	2
704.10	1
511.35	1
269.40	2
116.55	1
233.60	1
3323.70	1
127.70	3
190.90	1
128.05	2
123.50	3
332.50	1
2037.00	1
1094.70	1
1052.00	1
20.75	2
183.40	1
254.70	2
114.65	1
410.20	1
969.20	1
287.40	1
189.20	1
673.60	1
36.95	3
880.00	7
782.95	1
88.85	1
126.65	2
17.90	1
177.60	2
29.85	2
353.90	2
274.55	3
309.60	1
1951.00	1
259.70	1
900.05	1
703.80	1
245.80	3
940.70	1
359.70	1
549.75	1
2225.00	2
56.30	2
4000.00	1
415.60	1
836.30	1
62.65	2
371.80	1
302.90	1
1480.00	1
809.60	1
426.50	1
973.65	1
195.10	3
445.15	1
583.80	1
450.95	1
348.50	2
318.75	1
207.60	2
213.35	1
445.50	1
249.15	1
417.50	1
564.80	2
305.30	1
359.15	1
157.05	1
639.90	1
359.65	1
407.60	1
920.35	1
195.90	2
2284.35	1
850.40	1
444.35	1
321.30	1
63.15	1
283.50	1
299.70	1
567.40	1
6788.15	1
92.15	1
434.70	1
100.00	1557
304.30	1
104.50	8
233.00	84
208.00	108
69.00	507
121.00	227
209.00	77
205.80	2
407.00	19
528.00	8
211.00	75
82.00	499
466.05	1
41.15	2
52.95	3
76.00	449
374.20	1
146.00	140
227.00	74
732.00	4
244.25	3
145.70	4
540.00	11
955.00	2
134.70	4
53.20	11
354.50	2
46.20	4
49.50	30
58.75	2
469.00	16
984.00	1
225.50	5
1138.00	1
958.50	1
95.05	3
577.80	1
570.00	25
204.50	3
195.60	5
458.00	19
306.60	3
28.90	32
3143.00	1
282.70	2
174.40	3
100.85	2
112.80	8
125.40	9
120.10	2
90.40	10
49.85	5
41.80	9
69.90	4
56.95	5
250.80	1
61.90	3
943.00	2
53.15	3
106.75	3
127.75	4
141.75	1
49.20	10
40.70	5
253.00	47
843.00	4
15.40	4
363.60	3
58.20	12
172.20	4
547.00	4
48.60	15
850.00	9
163.50	6
1421.90	1
165.75	2
51.30	7
162.30	3
99.90	7
906.00	2
146.40	5
626.00	6
121.35	1
214.65	2
94.75	3
48.40	5
740.00	7
24.25	3
598.75	1
429.30	3
287.60	3
181.20	4
256.50	4
324.25	2
952.00	2
33.35	1
765.00	8
421.90	1
322.70	2
70.40	10
71.60	6
157.75	4
91.80	7
47.85	3
720.00	5
61.80	7
9647.00	1
344.50	2
75.75	7
148.05	2
62.70	10
140.25	4
36.70	4
177.30	6
11425.00	1
993.00	2
146.15	2
380.40	1
67.25	1
180.70	4
14.45	13
60.95	1
142.40	5
478.00	12
641.00	4
637.80	1
764.00	2
18.05	2
81.25	5
276.90	2
48.10	5
1128.00	2
128.65	3
291.25	2
117.55	1
323.85	2
32.75	5
453.25	1
61.75	7
236.45	2
318.35	1
97.10	5
192.55	1
97.15	3
211.35	2
1293.40	1
630.80	1
81.85	3
606.30	1
358.70	1
209.55	2
1228.00	2
87.45	2
1757.00	1
244.40	1
324.75	1
265.80	1
285.60	4
758.10	1
539.45	1
379.80	2
104.80	2
284.10	1
3875.00	1
284.40	5
75.80	7
57.20	4
58.65	4
68.55	1
424.90	1
355.10	1
147.90	1
73.15	4
230.15	1
115.35	1
392.95	1
101.10	4
2785.60	1
265.05	1
376.60	3
146.70	1
732.15	1
624.00	4
541.25	1
346.85	3
4523.00	1
110.05	3
462.95	1
42.90	3
201.15	1
135.40	7
239.60	2
72.65	1
29.35	2
276.20	2
161.55	1
373.40	2
565.20	1
2545.00	1
67.55	2
1124.05	1
819.20	1
1251.00	1
216.50	3
312.80	2
152.55	2
242.90	1
289.70	1
70.15	2
141.15	1
138.85	1
58.15	3
1061.10	1
450.60	1
147.75	2
844.00	2
339.60	2
298.40	2
315.50	1
204.40	2
397.70	1
141.10	1
191.05	2
786.15	1
333.10	1
820.40	1
121.80	1
205.30	2
812.00	3
298.75	1
318.50	1
753.00	3
52.35	1
905.30	1
59.95	3
214.80	1
817.00	2
367.95	1
210.40	1
264.10	1
157.40	4
2138.15	1
285.50	2
1286.90	1
1086.00	1
160.15	1
263.90	1
269.75	2
2736.30	1
112.25	1
85.45	1
1161.30	1
53.75	2
339.80	2
44.90	2
24.55	1
4376.20	1
342.95	1
119.10	2
227.05	1
365.50	1
267.80	1
581.25	1
1003.60	1
189.45	2
88.75	1
340.75	1
102.25	3
2232.35	1
126.45	1
1341.00	1
969.40	1
1199.35	1
1167.00	1
1222.00	1
176.70	1
130.45	1
2904.00	1
264.85	1
253.40	1
455.40	1
138.30	1
137.75	2
113.10	2
1112.95	1
787.50	1
261.55	1
552.50	1
603.50	1
131.75	1
27.05	1
660.50	1
1042.00	1
749.90	1
323.40	1
268.90	1
703.15	1
439.15	1
65.35	1
155.40	1
114.90	1
428.80	1
170.00	366
226.00	66
844.45	1
618.00	5
171.00	134
235.00	148
51.00	613
96.00	315
32.00	1656
73.00	576
323.00	44
188.00	139
189.00	108
124.75	3
17.60	23
142.00	192
206.00	66
1225.00	1
146.30	1
348.60	1
97.50	13
151.95	2
236.00	59
111.50	17
39.70	5
73.80	12
525.00	31
485.00	24
409.00	17
21.60	51
50.60	10
568.00	8
42.75	9
590.65	1
664.60	1
292.10	2
1181.40	1
28.75	4
344.40	3
1180.00	2
203.60	3
149.40	2
190.10	3
1248.80	1
307.60	5
362.00	27
63.40	14
181.25	2
94.95	4
80.80	10
175.10	6
155.20	4
774.00	3
294.50	2
103.50	13
551.00	6
621.10	1
157.15	1
202.50	5
57.95	9
232.20	2
231.80	5
37.75	5
248.70	2
136.30	5
19.20	22
228.10	3
116.85	3
488.70	1
383.00	22
1998.10	1
402.45	1
176.60	3
235.30	2
232.90	1
301.50	1
221.30	2
488.90	1
706.35	1
426.70	1
45.20	10
74.80	6
542.00	7
584.00	6
564.00	5
681.00	3
601.00	2
507.10	1
158.80	6
262.70	2
995.00	2
95.75	4
162.95	1
201.90	1
560.00	15
61.30	4
510.05	1
109.45	2
159.50	5
108.05	1
470.05	1
75.65	5
583.45	1
175.60	5
1469.10	1
379.75	2
46.25	5
953.40	1
29.45	3
123.45	2
191.70	2
68.50	6
424.80	2
187.20	4
780.60	1
1217.50	1
785.00	4
1611.05	1
309.85	1
912.00	2
185.50	4
1460.60	1
140.50	8
382.15	1
59.85	4
123.90	4
350.65	1
174.10	3
112.15	2
440.20	1
19.95	1
44.15	1
1417.05	1
1546.00	2
464.00	10
301.60	2
757.00	2
126.50	6
664.00	3
1144.00	1
180.30	3
32.85	4
302.20	1
211.10	2
438.75	1
457.60	1
715.05	1
171.80	8
71.40	6
145.30	5
387.25	1
326.25	2
475.60	1
146.05	2
1440.00	1
950.00	4
418.60	2
421.30	1
33.90	5
343.35	1
161.25	2
2441.00	1
841.65	1
1033.00	1
194.35	1
14.10	1
253.50	5
50.10	2
504.55	1
3535.55	1
320.85	1
183.60	3
654.00	3
94.35	2
597.20	1
8.40	3
860.00	1
16.10	5
356.30	2
1863.65	1
345.05	1
560.60	1
279.30	2
288.10	1
958.75	1
1138.55	1
267.20	1
217.75	2
1506.00	1
5099.50	1
717.00	3
217.25	1
933.75	1
2510.00	1
2841.00	1
119.90	2
200.10	1
411.85	1
57.55	2
2730.50	1
955.40	1
64.15	2
95.20	5
252.20	3
203.85	1
658.00	1
289.49	1
434.85	1
196.60	1
223.15	1
587.50	1
2247.50	1
446.40	2
137.10	2
376.85	1
882.95	1
53.85	2
1372.55	1
715.40	1
173.70	3
307.50	1
1485.00	2
487.15	1
636.20	1
490.55	1
249.60	1
84.25	1
393.95	1
220.60	3
129.65	1
251.95	1
281.50	2
941.00	1
403.70	1
1636.85	1
30.15	1
1151.50	1
228.45	1
1314.00	1
1292.80	1
641.25	2
67.05	2
374.55	1
216.15	2
104.15	1
457.10	1
8349.80	1
861.00	2
172.75	1
84.10	4
101.05	1
191.75	1
78.55	1
1913.00	1
193.75	1
214.20	2
65.15	2
2810.00	1
1328.20	1
236.85	1
875.20	1
577.50	1
1101.75	1
235.60	1
206.55	1
1081.65	1
222.60	2
464.90	1
533.80	1
446.60	1
1306.00	1
169.65	1
137.45	1
1106.00	1
661.00	1
326.70	1
563.30	1
251.30	1
829.90	1
438.80	1
134.95	1
196.15	1
159.90	1
1100.30	1
755.75	1
1164.00	1
973.45	1
56.85	1
854.85	1
283.05	1
222.85	1
256.00	53
193.00	125
525.50	1
71.00	406
139.00	205
327.00	29
784.00	2
421.40	1
98.75	3
85.00	1397
667.00	5
128.00	308
9.60	13
159.20	3
173.00	136
177.45	3
124.50	12
34.90	2
56.05	4
118.60	8
23.15	1
266.00	52
315.00	67
34.85	13
38.50	14
14.25	6
74.40	4
90.25	5
398.00	15
265.60	1
705.00	9
78.90	7
544.00	15
2896.15	1
25.50	60
67.50	18
471.00	19
74.90	5
408.00	16
511.00	12
635.00	12
87.75	6
91.60	3
243.15	1
63.60	7
186.90	1
137.85	1
223.05	1
160.85	2
8.80	7
152.30	3
140.40	6
21.25	38
43.35	7
41.75	2
191.90	3
68.30	5
918.00	2
512.00	10
1623.00	1
218.40	4
57.50	7
57.80	8
813.50	1
1069.00	2
216.60	7
482.95	1
2766.00	1
225.10	1
258.75	1
269.10	1
537.20	1
626.30	1
113.70	7
108.50	12
456.00	11
1491.95	1
456.40	2
406.40	2
486.30	2
1298.00	1
275.50	2
2176.00	1
1168.90	1
2098.50	1
198.75	3
43.90	5
610.00	15
2400.00	2
191.50	5
909.00	1
511.50	2
1200.00	3
2817.00	1
495.75	1
545.65	1
218.15	2
1045.00	1
56.90	4
551.60	1
374.25	1
161.65	1
56.55	3
54.60	8
46.85	2
15.10	1
40.15	1
357.50	1
543.00	8
319.60	2
236.60	7
170.85	2
274.60	4
356.55	1
202.85	1
95.10	1
771.60	2
163.70	2
197.40	3
54.95	2
138.55	2
781.25	1
817.25	1
179.25	2
71.80	7
310.65	1
112.45	2
111.70	4
1647.75	1
1475.15	1
659.35	1
489.60	2
1005.30	1
240.60	2
214.90	1
355.50	1
87.30	5
350.80	1
152.95	1
421.75	1
148.25	1
1375.35	1
55.95	2
409.60	2
41.70	4
2476.74	1
313.80	2
325.60	1
963.20	1
188.60	2
142.30	3
595.45	1
41.05	1
994.25	1
398.30	1
787.85	1
2943.00	1
189.50	3
1166.00	1
119.40	3
25.90	4
1029.65	1
121.05	2
330.80	2
37.30	3
613.35	1
243.70	4
95.40	2
142.10	3
575.10	1
209.50	5
106.10	3
151.80	7
1635.60	1
322.90	1
182.40	2
1831.00	1
96.35	1
320.60	1
304.15	1
280.90	2
833.50	1
498.10	1
369.35	1
679.50	1
1235.75	1
150.30	6
339.15	1
253.65	1
103.35	3
109.65	2
304.55	1
181.45	1
413.35	1
1500.00	4
2423.00	1
423.55	1
2340.45	1
345.70	1
756.50	2
335.80	1
2595.00	1
55.15	1
119.95	1
259.50	3
367.50	1
690.55	1
986.20	1
370.25	1
212.40	1
857.55	1
859.70	1
636.85	1
142.85	1
229.90	1
263.50	1
626.60	1
1280.10	1
1148.90	1
208.40	1
380.60	2
417.80	1
676.80	1
1098.00	1
938.55	1
335.90	1
213.95	2
806.05	1
2879.00	1
537.95	1
153.05	1
102.85	1
170.65	2
449.50	1
752.30	1
492.05	1
1096.00	1
300.30	1
316.50	1
4116.00	1
230.95	1
331.45	1
262.90	1
190.65	1
519.45	1
256.55	2
143.05	1
345.25	1
593.25	1
6043.90	1
169.05	1
1578.95	1
3.00	1637
97.00	399
75.45	1
320.30	2
249.00	57
1840.20	1
1076.90	1
828.40	1
714.00	3
166.40	5
530.80	1
142.70	5
190.60	2
190.80	1
165.00	359
466.80	2
70.10	4
557.70	1
276.30	2
176.00	110
189.70	1
125.60	10
215.00	161
164.10	6
474.00	10
402.90	2
104.60	6
253.80	1
255.00	115
54.90	9
465.00	27
1412.45	1
248.00	55
434.40	2
619.00	4
460.00	18
805.00	6
320.50	3
725.00	19
162.20	3
62.60	10
207.00	102
186.45	2
294.00	49
50.80	12
1501.25	1
439.00	19
125.90	4
2205.00	1
141.65	2
92.70	5
462.00	7
103.30	1
217.40	4
180.35	1
153.70	3
70.80	8
41.55	2
422.00	10
486.00	8
456.95	1
1415.80	1
1220.75	1
1281.55	1
157.90	4
231.50	6
671.35	1
457.35	1
276.50	2
213.15	3
182.20	4
66.40	10
197.25	2
92.50	13
272.55	1
172.50	3
71.30	6
161.10	4
32.10	3
34.80	3
1704.00	1
75.60	11
121.50	5
116.75	2
5.95	1
55.10	3
102.10	5
579.75	1
476.25	1
193.55	2
68.45	2
507.00	10
137.20	2
61.50	7
70.25	3
292.20	2
658.50	1
220.15	2
266.25	1
1267.00	2
146.25	2
205.75	2
128.50	6
493.30	2
532.00	9
399.80	1
185.40	4
73.90	2
659.10	1
657.95	1
144.75	2
958.00	3
259.85	1
193.20	3
490.65	1
28.35	1
123.25	9
72.85	2
180.25	1
42.80	6
22.60	2
872.00	3
286.05	1
358.60	2
657.05	1
224.05	1
93.60	5
200.60	3
749.25	1
2100.00	1
82.55	1
359.35	1
474.50	3
418.70	1
131.45	3
202.60	3
156.75	3
341.50	2
282.40	4
191.55	2
871.50	1
1661.95	1
128.85	2
263.40	2
645.55	1
455.70	1
4045.00	1
409.45	2
265.25	2
183.10	3
525.25	1
137.95	2
145.50	5
84.85	3
52.65	2
2700.00	1
1187.35	1
1150.00	3
198.70	2
420.40	3
1129.40	1
111.10	4
238.15	1
346.10	1
464.60	1
86.70	3
2599.35	1
49.25	2
50.15	4
129.75	1
3550.00	1
504.10	1
372.75	2
354.70	1
52.90	1
103.75	2
317.10	1
1459.00	1
82.45	3
187.50	1
556.60	1
270.15	2
444.10	1
159.70	2
345.30	1
398.80	2
186.70	2
1077.70	1
369.85	1
263.60	1
178.70	1
4546.50	1
192.90	4
1738.00	1
430.10	1
400.20	1
261.25	1
466.20	1
17.20	1
508.20	1
110.85	1
637.85	1
1360.00	1
383.70	2
1261.00	1
673.45	1
1489.00	1
684.50	1
149.50	4
1109.80	1
1437.40	1
1562.75	1
439.65	1
1234.00	1
491.75	1
616.95	1
323.25	3
970.00	1
60.85	1
1805.00	1
992.00	2
178.75	1
94.10	2
156.30	4
509.50	1
1657.00	1
360.90	1
177.70	1
520.10	1
115.05	3
291.15	1
271.80	1
592.95	1
865.20	1
973.00	2
1051.35	1
173.95	1
412.10	1
808.50	1
101.55	1
67.45	1
227.30	1
278.15	1
405.60	1
422.95	1
829.00	1
683.05	1
126.60	1
1202.00	1
948.25	1
1070.70	1
394.90	1
163.95	1
1756.00	1
164.05	1
113.95	1
956.80	1
220.65	1
179.70	1
267.30	1
12.50	1
15.00	8203
45.00	3602
21.00	1038
450.00	59
41.00	707
314.10	2
67.00	582
1925.00	1
537.00	7
388.00	16
339.00	28
110.00	896
10.40	12
64.90	2
1646.00	1
22.50	53
48.25	2
118.20	2
34.40	20
107.95	6
146.20	6
216.10	2
27.20	58
218.80	2
84.35	3
43.45	3
199.00	106
57.30	6
44.30	5
33.15	11
123.20	8
32.25	7
271.70	1
310.20	3
284.70	2
269.15	1
352.75	1
237.60	1
60.75	6
356.80	2
800.00	19
373.00	22
21.50	6
492.00	14
461.60	1
472.00	14
290.50	1
116.50	6
1054.00	1
130.60	6
88.80	9
142.75	2
51.45	2
176.90	1
238.20	3
177.75	1
25.60	17
103.55	4
434.20	1
279.45	1
698.00	3
267.90	4
540.20	2
115.40	11
1741.55	1
521.25	1
564.35	2
520.00	18
518.00	9
52.70	6
68.70	6
103.05	2
225.30	3
252.60	2
69.30	7
151.30	3
43.20	13
67.20	8
509.05	1
242.10	1
91.90	4
117.30	2
246.30	3
222.25	1
192.80	4
1030.60	1
122.70	4
1048.00	1
239.75	2
87.62	1
150.65	1
311.35	2
634.10	1
168.30	3
234.15	1
52.60	5
77.10	4
797.00	3
47.50	14
52.30	5
190.45	2
50.70	10
17.75	1
804.50	1
141.50	11
1044.00	1
386.70	1
982.30	1
214.15	4
191.20	3
229.80	2
292.80	1
155.30	4
803.60	1
269.35	2
150.85	2
89.75	2
527.00	6
88.40	4
1446.00	2
908.00	3
4206.00	1
495.55	1
940.00	6
389.50	1
2168.45	1
7.70	3
413.00	20
109.90	2
260.80	3
668.95	1
96.75	2
49.05	1
295.05	4
1040.15	1
176.40	2
15.50	1
62.75	7
144.50	9
151.40	8
49.70	7
270.40	2
716.30	1
87.65	2
139.50	4
155.85	2
129.60	3
391.10	2
92.40	6
293.15	1
29.95	1
245.50	4
60.30	7
44.65	6
250.30	1
86.60	5
83.50	2
1030.00	2
872.80	1
364.15	1
118.55	4
144.30	4
215.05	1
245.40	2
29.80	6
176.45	1
1093.00	1
348.90	1
365.85	1
702.00	4
3440.00	1
573.05	1
518.75	1
741.00	2
1622.10	1
1630.00	1
201.55	1
308.50	1
193.05	2
848.85	1
413.50	1
155.10	4
187.55	1
369.40	2
389.45	1
295.85	1
28.55	1
381.45	1
244.80	2
731.20	1
1514.00	1
584.75	1
22.65	1
125.85	1
349.10	2
146.90	5
248.25	1
3403.95	1
4266.85	1
129.95	3
27.70	5
746.45	1
209.25	2
294.80	2
2187.00	1
245.05	2
425.40	1
553.65	1
539.50	1
260.95	1
166.60	2
237.75	2
297.20	1
195.30	1
8072.15	1
257.60	1
1831.05	1
258.65	1
584.20	2
232.15	1
605.75	1
495.30	1
892.00	1
3615.00	1
458.50	1
316.70	1
116.15	2
244.55	1
423.05	1
362.35	1
1352.95	1
241.25	2
603.75	1
1248.00	1
16.75	1
23.45	1
250.40	1
939.67	1
198.35	1
483.55	1
736.40	1
123.15	1
1691.45	1
1551.75	1
516.10	2
250.15	1
478.80	1
19.30	1
416.75	1
602.25	1
504.60	1
134.60	1
4430.00	1
738.80	1
1251.40	1
130.20	3
820.60	1
1604.10	1
66.45	1
329.85	1
504.45	1
2989.90	1
791.40	1
447.40	1
336.70	1
412.25	2
2888.45	1
1810.00	1
1258.95	1
669.90	1
541.60	1
334.50	1
507.75	1
359.60	1
711.40	1
113.15	1
241.85	1
68.35	1
210.05	1
1078.80	1
110.25	1
796.00	1
1008.40	1
178.55	1
373.50	1
536.40	1
587.05	1
35.00	4584
4.00	834
403.15	2
19.00	1444
272.00	47
11.00	1337
663.00	7
1771.00	1
39.00	985
86.90	3
147.00	168
112.35	2
167.70	2
339.40	2
97.20	8
273.80	2
269.25	1
975.00	5
191.00	97
32.70	8
337.00	35
403.00	17
124.00	191
379.00	20
513.00	9
1887.50	1
227.95	1
124.60	6
298.00	37
308.00	39
137.50	5
76.35	1
158.00	175
372.00	26
84.50	4
13.80	3
1066.00	1
49.60	11
119.20	5
200.80	3
692.00	5
247.40	8
198.00	127
81.55	2
184.15	1
262.50	1
410.50	2
256.95	1
105.30	5
574.00	10
1774.00	1
375.85	2
773.00	3
23.25	5
207.40	4
80.15	3
1097.30	2
221.80	2
1065.95	1
260.20	1
70.45	2
100.30	3
145.60	5
337.60	2
34.70	3
176.80	3
585.00	11
91.45	1
161.90	2
721.00	3
61.20	15
36.80	15
228.35	1
47.20	12
566.00	10
237.20	2
184.50	2
131.60	8
481.50	2
398.60	4
580.60	1
531.00	11
639.00	7
249.90	2
268.80	2
536.15	1
477.50	2
326.10	1
101.50	6
509.00	11
182.50	5
318.70	2
153.30	1
446.75	1
182.90	3
477.00	11
563.10	1
481.65	1
69.50	2
486.25	1
290.55	1
98.20	6
111.60	6
332.10	1
26.50	4
536.00	8
644.70	1
271.10	1
121.55	2
1217.00	1
252.25	1
131.70	3
89.95	1
43.05	3
197.75	2
2059.00	1
406.25	1
1787.00	3
228.50	5
233.30	5
48.65	1
110.45	1
157.45	2
44.70	9
40.75	1
1891.20	1
114.95	2
1188.00	1
2017.30	1
673.00	4
207.75	3
21.20	5
642.25	1
1800.00	2
203.20	1
875.50	1
361.75	1
232.50	2
340.25	2
455.90	1
1129.00	2
120.15	1
309.70	2
180.90	2
142.05	1
396.20	1
233.25	1
629.15	1
342.25	2
291.55	1
268.25	1
136.25	4
414.85	2
209.30	3
361.40	3
146.65	2
64.65	1
341.75	1
508.50	2
154.55	1
154.90	1
49.90	5
241.50	3
568.75	1
32.65	3
436.50	1
1721.00	1
441.85	1
398.20	2
270.65	1
512.70	1
2097.00	1
114.05	1
686.00	3
347.20	2
176.30	2
92.35	2
323.45	1
444.40	1
35.55	1
38.75	3
148.10	2
96.90	4
793.50	1
741.40	1
283.75	2
1061.50	1
595.90	2
914.00	2
230.25	1
236.35	2
1496.00	1
159.25	1
349.70	1
1035.00	1
941.50	1
1135.80	1
196.80	1
682.75	1
732.20	1
277.50	1
233.35	1
432.70	1
245.35	1
280.15	1
329.95	2
1744.20	1
514.20	3
48.30	1
1184.20	1
132.15	2
750.55	1
884.00	5
430.25	1
817.80	1
39.45	2
241.45	1
1843.00	1
3057.25	1
237.50	2
191.25	1
612.40	1
272.30	1
233.85	1
376.80	1
113.55	1
110.30	1
132.95	1
324.50	1
685.10	1
1567.60	1
240.80	2
144.65	1
912.70	1
272.05	1
936.00	3
211.75	1
136.55	1
162.75	2
950.10	1
374.90	1
2123.60	1
430.65	1
280.40	1
1599.00	1
26.30	1
193.80	2
1024.25	1
424.20	1
430.40	1
787.25	1
732.65	1
6056.50	1
743.50	1
81.75	1
326.95	1
664.20	1
2731.95	1
285.45	1
397.25	1
541.85	1
167.90	1
391.15	1
1431.00	1
817.85	1
1727.00	1
351.95	1
681.20	1
368.45	1
588.60	1
253.25	1
537.40	1
1247.00	1
142.95	1
59.00	629
279.80	4
57.00	717
179.00	125
303.00	40
151.00	142
27.00	1418
308.80	3
270.00	94
178.50	4
205.00	151
20.80	29
126.40	8
196.00	103
254.00	45
410.10	1
571.25	2
739.00	3
45.80	9
31.45	17
108.00	366
836.50	1
127.10	3
311.65	2
322.60	2
146.10	5
51.85	3
231.00	65
1231.00	2
33.75	12
216.25	2
47.10	7
72.90	7
54.40	20
22.40	29
506.00	6
84.90	3
262.00	59
1268.85	1
364.50	5
328.00	34
148.20	5
60.20	6
51.10	4
27.90	14
408.75	1
222.10	2
477.45	1
346.00	27
35.85	1
487.00	11
204.90	2
308.90	1
575.40	1
72.60	12
80.40	10
160.80	3
526.00	6
1211.00	2
41.50	12
337.65	2
2668.35	1
561.00	5
371.55	1
535.15	1
188.75	1
102.20	7
42.15	4
45.60	13
269.50	2
258.30	1
643.00	9
192.70	3
380.35	1
108.80	7
18.50	4
1257.95	1
349.40	2
207.25	1
43.60	10
93.10	2
94.30	3
597.00	5
1762.00	1
84.30	4
54.70	6
79.20	12
133.60	5
486.90	1
33.30	7
241.90	3
18.80	7
29.20	8
2000.00	3
222.50	3
43.80	8
109.70	5
50.30	4
148.35	1
683.00	4
238.50	3
186.10	3
393.00	14
105.90	6
1021.00	1
255.85	1
416.10	1
147.50	3
504.50	1
20.05	1
405.00	22
298.65	1
74.25	2
193.10	3
31.30	2
141.90	2
800.40	1
6.75	2
76.90	3
442.45	1
20.90	3
196.30	4
46.15	1
561.80	1
1576.00	1
76.40	9
151.90	1
135.75	3
145.75	2
248.50	3
129.45	4
46.45	3
1117.00	2
190.75	1
362.70	1
869.35	1
64.85	5
2192.85	1
457.80	1
252.50	5
538.70	1
238.35	1
672.85	1
295.20	1
113.30	6
114.80	3
678.90	1
554.55	1
236.30	1
107.25	2
362.75	2
302.25	1
1150.45	1
169.75	3
1950.00	1
27.25	4
399.50	1
2140.75	1
159.45	2
542.20	1
197.45	1
846.00	2
298.80	1
229.40	2
204.30	1
375.10	1
30.70	1
118.80	4
1368.00	2
117.65	1
323.05	1
31.85	2
324.10	1
167.30	3
625.60	2
345.10	2
267.65	1
1057.00	1
356.60	3
128.15	2
1038.95	1
66.35	1
6512.90	1
463.90	1
143.10	3
214.85	1
672.00	4
1833.55	1
302.65	1
1006.40	1
424.85	1
248.65	2
1107.00	1
208.05	1
940.25	1
687.90	1
161.30	1
109.55	2
251.45	1
1513.00	1
107.65	1
1439.20	1
917.40	1
2683.35	1
648.75	2
280.20	1
809.40	1
459.85	1
783.05	1
499.70	1
227.45	1
350.75	2
503.55	1
332.35	1
465.20	1
211.90	1
151.15	1
751.75	1
1367.50	1
685.25	1
271.95	1
425.50	1
1209.00	1
839.60	1
190.50	1
1235.00	2
469.70	1
1699.00	1
336.55	1
1735.95	1
864.05	1
289.25	1
111.05	1
268.60	2
294.20	1
212.45	2
26.55	1
279.10	1
486.10	1
297.30	1
2304.60	1
433.20	1
257.55	2
432.15	1
30.25	1
258.25	1
1663.20	1
258.10	1
251.50	1
1424.70	1
278.20	1
1134.00	1
400.40	1
759.60	1
1292.00	1
456.50	1
45.55	1
3336.90	1
349.25	1
323.75	1
1221.95	1
224.75	1
510.60	1
798.85	1
404.50	1
381.15	1
150.35	1
741.85	1
522.80	1
2761.40	1
19.70	1
55.00	2443
18.00	3593
28.00	2042
120.00	874
53.00	839
34.00	1034
316.80	3
273.00	49
88.00	552
109.00	289
95.00	1025
76.55	3
257.00	45
357.00	20
293.00	37
93.40	9
243.00	62
78.70	3
1451.60	1
330.00	55
168.75	2
339.70	1
116.40	6
268.00	63
510.00	15
248.10	2
438.45	2
394.00	19
322.00	26
87.20	9
21.85	6
124.20	7
39.80	13
404.00	23
171.60	4
147.20	6
18.40	26
78.60	7
232.40	3
208.60	3
745.00	9
605.50	2
95.85	1
149.90	3
990.55	1
13.50	31
304.00	33
109.20	7
215.70	5
296.00	35
347.75	3
124.65	4
219.35	2
93.65	3
637.05	1
539.80	1
336.05	2
157.20	4
715.00	7
749.00	4
829.80	1
7.20	11
135.60	5
129.20	5
229.20	2
143.60	6
397.40	2
103.80	4
719.00	4
660.00	9
431.75	1
147.40	3
57.75	8
366.50	1
783.00	5
69.45	2
531.50	1
529.00	11
6035.00	1
111.80	6
422.80	3
188.70	3
1078.00	3
457.00	11
68.90	5
582.40	1
1010.00	5
1259.00	2
834.50	1
985.40	1
592.45	1
6002.00	1
107.80	4
315.40	2
120.20	5
191.60	2
69.10	6
151.20	5
441.00	12
135.45	3
64.40	9
48.95	2
107.85	2
271.35	2
447.95	1
655.00	8
782.20	1
50.75	2
60.15	3
112.90	2
64.35	3
268.15	1
78.30	5
229.70	3
1157.80	1
312.05	1
131.05	3
1274.00	1
554.00	3
207.05	2
111.20	6
302.95	1
316.30	2
217.20	2
396.60	1
691.00	3
341.45	1
596.20	1
1021.85	1
177.25	3
172.90	2
193.95	1
37.90	5
161.15	1
73.75	6
124.95	2
167.85	1
1079.00	2
800.60	1
67.30	6
790.00	5
474.15	1
90.45	1
273.50	2
160.50	4
156.90	1
410.60	3
405.70	2
321.20	2
43.40	8
165.45	2
80.35	3
767.85	1
490.70	1
816.60	1
819.85	1
679.90	1
442.35	1
139.75	2
124.35	1
158.45	3
36.75	5
886.90	1
547.75	1
577.15	1
174.70	2
99.95	1
765.50	1
489.50	1
190.25	2
54.05	2
875.00	4
181.70	2
1447.00	1
388.15	1
151.10	2
1405.00	1
404.20	2
1143.00	1
2603.50	1
70.49	1
417.60	1
1106.20	1
2289.00	1
76.45	3
83.75	3
346.75	1
997.00	1
3731.80	1
1015.00	3
299.50	1
1391.00	1
206.50	5
1380.00	1
532.05	1
132.40	5
70.30	3
664.40	1
65.55	1
451.85	1
589.05	1
234.90	1
199.45	1
484.50	1
84.65	2
4243.25	1
231.95	2
604.60	1
513.45	1
1733.00	1
178.05	3
268.30	1
363.75	1
132.35	1
259.40	2
1583.15	1
986.35	1
170.45	1
210.90	1
456.15	1
632.00	3
135.65	2
113.35	1
404.80	1
599.90	1
184.05	1
1239.70	1
342.20	1
615.95	1
287.30	2
53.45	1
51.15	1
799.20	1
292.40	2
133.85	2
913.40	1
1323.00	1
388.70	1
21.75	3
884.50	1
139.25	2
160.40	2
403.60	1
425.45	1
106.30	2
2479.00	1
458.30	1
1530.00	1
503.30	1
1366.20	1
33.20	3
485.55	1
774.80	1
348.10	1
55.35	1
265.10	1
390.20	1
1682.00	1
809.50	1
358.20	1
683.25	1
118.25	1
529.55	1
245.90	1
395.85	1
442.90	1
390.35	1
221.35	1
2491.00	1
1515.00	1
888.00	1
318.25	1
108.25	1
428.40	1
508.70	1
869.50	1
505.25	1
2062.00	1
123.80	1
213.25	3
440.85	1
19.45	1
277.10	1
6874.00	1
3086.00	1
155.35	1
1014.99	1
157.25	1
246.90	1
140.00	516
291.00	47
16.80	22
70.00	2042
485.75	1
306.00	33
193.60	3
38.00	1758
500.00	46
60.00	2875
123.00	251
280.00	108
46.30	2
279.95	2
419.00	17
284.80	2
122.20	6
1062.00	2
731.00	3
184.00	89
175.20	2
232.00	65
46.40	18
391.00	19
97.85	1
221.00	60
177.00	141
70.60	11
22.95	26
206.70	4
136.60	4
281.00	33
28.05	23
72.25	11
830.00	5
482.20	1
23.80	22
116.80	4
155.50	6
429.00	16
60.40	7
111.40	4
267.10	2
682.00	4
144.80	5
94.40	14
879.25	2
606.00	9
56.45	6
381.10	2
590.00	13
30.05	1
400.00	105
45.40	7
11.70	15
3380.20	1
205.15	2
94.15	1
622.20	1
38.80	11
938.95	1
27.85	5
163.30	3
341.00	19
86.75	4
1178.20	1
30.60	44
901.70	1
205.50	3
150.80	6
95.80	10
544.60	1
238.60	1
34.25	6
448.40	2
33.85	2
132.10	1
54.50	9
88.35	2
85.70	3
20.50	5
269.90	1
1285.00	1
482.00	13
355.95	1
363.80	1
366.00	14
120.70	5
234.40	5
651.70	2
28.10	2
836.20	1
148.90	2
274.50	1
333.40	2
36.90	6
32.05	2
202.90	4
393.80	1
282.80	2
2128.70	1
228.90	2
1279.00	1
27.30	7
363.20	1
271.50	4
422.50	1
754.00	2
179.30	2
125.25	1
249.50	1
630.40	1
85.55	3
323.20	4
74.20	6
67.40	10
960.55	1
1496.50	1
194.60	6
788.00	2
24.85	2
61.60	12
608.20	1
177.15	4
1174.50	1
238.90	2
1733.95	1
951.00	1
312.60	3
351.40	1
262.95	1
494.70	2
85.80	9
138.15	1
362.25	1
837.15	2
284.20	3
2839.05	1
468.00	12
152.60	4
474.60	3
776.00	4
442.50	1
127.40	5
219.55	2
333.90	2
545.95	1
426.40	1
1065.40	1
1968.00	1
292.70	4
804.00	3
543.25	2
67.35	1
88.15	2
599.70	1
176.95	1
1083.00	1
212.30	1
464.50	1
115.25	3
184.55	2
158.50	3
1112.50	1
879.00	1
526.70	1
933.00	2
116.70	2
302.10	1
23.60	5
38.90	4
49.15	2
591.45	1
732.70	1
848.00	2
123.35	1
598.00	7
593.15	1
169.80	2
460.25	1
2861.65	1
51.05	6
328.20	2
809.20	2
326.15	1
234.20	1
1062.75	1
156.25	1
480.55	1
477.70	2
318.30	1
120.80	4
394.20	2
114.20	2
302.40	1
926.00	1
25.65	2
1393.70	1
264.50	2
203.30	1
479.80	1
541.75	1
312.95	1
521.60	1
216.30	1
706.25	1
162.80	3
689.65	1
37.45	1
1238.00	1
377.60	1
1625.00	1
1411.40	1
618.20	1
769.00	2
886.00	1
184.10	1
155.45	1
759.80	1
265.65	1
277.75	1
1145.80	1
594.30	1
434.30	1
108.75	4
831.15	1
2495.30	1
211.65	1
218.55	1
1126.65	1
406.10	1
292.05	1
352.20	1
207.15	1
319.70	1
245.70	1
308.45	2
111.85	1
618.60	1
520.95	1
104.65	2
150.05	1
208.25	1
277.65	1
1184.00	1
111.35	2
22.90	1
476.20	1
211.55	1
991.45	1
417.75	1
526.90	1
969.80	1
789.00	2
1287.95	1
156.50	2
697.30	1
488.80	1
414.30	1
865.70	1
330.30	1
402.75	1
764.80	1
556.10	1
448.25	1
68.10	1
4880.55	1
1057.25	1
479.95	1
463.35	1
1961.00	1
