five	six_ten	eleven_twenty	twenty_fifty	fifty_plus	date_buyer_activated	referred_buyer	additional_purchase	additional_gmv	retention
28	20	10	5	4	2015-11-18	67	34	98190	63
249	80	50	24	2	2015-11-19	404	51	91315	272
86	60	48	30	7	2015-11-20	231	45	60600	184
207	69	61	34	6	2015-11-21	376	66	167350	216
359	90	62	29	7	2015-11-22	547	72	201130	309
133	66	58	24	6	2015-11-23	287	48	124450	180
62	56	40	22	7	2015-11-24	187	80	147080	156
80	58	44	22	8	2015-11-25	212	59	99235	171
96	77	51	24	5	2015-11-26	253	56	97990	183
97	60	54	40	9	2015-11-27	260	131	344315	199
135	85	61	37	8	2015-11-28	326	60	86200	219
131	87	66	38	16	2015-11-29	338	48	79560	223
109	80	47	37	13	2015-11-30	286	40	82040	148
79	57	40	27	7	2015-12-01	210	25	42900	1
