date	user_id	d2_ba	like_listing	post_comment	created_listing	follow_brand	follow_people	internal_share	external_share	seller_activated
2015-11-01	5635b890ab07d7fe812127e0	0	0	0	0	21	0	0	0	0
2015-11-01	5635b8ae9c704117a32063b5	0	0	0	0	5	0	0	0	0
2015-11-01	5635b8b8884886ae6520a559	0	0	0	0	10	0	0	0	0
2015-11-01	5635b8b951eb5c1d32217a34	0	9	0	0	5	0	0	0	0
2015-11-01	5635b8bd88942bcd6b20e5ef	0	2	0	0	3	0	0	0	0
2015-11-01	5635b8be5e3b1836e3205f31	0	0	0	0	3	0	0	0	0
2015-11-01	5635b8c60805ca0d6720ff5a	0	0	0	0	12	0	0	0	0
2015-11-01	5635b8c79748125ad120cd54	0	0	0	0	3	0	0	0	0
2015-11-01	5635b8c95e3b18e498205f96	0	2	0	0	3	3	0	0	0
2015-11-01	5635b8d7fb4f3363dd2089f4	0	0	0	0	27	0	0	0	0
2015-11-01	5635b8d94f54c0c2fd211866	0	0	0	0	3	0	0	0	0
2015-11-01	5635b8defcb06b87b82186c5	0	0	0	0	5	0	0	0	0
2015-11-01	5635b8eafcb06b47fc218703	0	0	0	0	5	0	0	0	0
2015-11-01	5635b8fb5f5f3905c020d120	0	0	0	0	2	0	0	0	0
2015-11-01	5635b8ff929db105b420578b	0	0	0	0	4	0	0	0	0
2015-11-01	5635b90688942b86c620e83b	0	0	0	0	0	0	0	0	0
2015-11-01	5635b9116d9a137d851f9dd9	0	4	1	0	71	1	0	0	0
2015-11-01	5635b91e50b281331a213200	0	0	0	0	8	1	0	0	0
2015-11-01	5635b9243c26f537e020dafa	0	1	0	0	6	0	0	0	0
2015-11-01	5635b93a0805ca2b952102a2	0	0	0	1	1	0	1	0	0
2015-11-01	5635b93e2caf194fc720dc9c	0	0	0	0	4	0	0	0	0
2015-11-01	5635b952671721f62620c7a5	0	0	0	0	1	0	0	0	0
2015-11-01	5635b9589f91f61399209d44	0	6	1	0	33	1	0	0	0
2015-11-01	5635b95a9adfff090920b92c	0	0	0	0	3	0	0	0	0
2015-11-01	5635b96359db7d1264217534	0	0	0	0	3	0	0	0	0
2015-11-01	5635b96abe8ab5c03620de21	0	0	0	0	40	0	0	0	0
2015-11-01	5635b96ba0744c5b9120c14f	0	0	0	0	4	0	0	0	0
2015-11-01	5635b96ed0ce1ce5bf20d56f	0	0	0	0	6	0	0	0	0
2015-11-01	5635b973faf5268760213e5a	0	0	0	0	3	0	0	0	0
2015-11-01	5635b977faf5260cee213e7b	0	0	0	0	18	0	0	0	0
2015-11-01	5635b988faf52670ec213ef6	0	0	0	0	3	0	0	0	0
2015-11-01	5635b98e974812579220d315	0	0	0	6	1	0	0	2	0
2015-11-01	5635b99059db7d230f217668	0	0	0	0	3	0	0	0	0
2015-11-01	5635b9944f54c061f4211da7	0	0	0	0	4	0	0	0	0
2015-11-01	5635b9965fa099bef1208676	0	0	0	0	3	0	0	0	0
2015-11-01	5635b9aefaf5263eed213ffa	0	0	0	0	4	0	0	0	0
2015-11-01	5635b9af33c1447d8620de49	0	34	0	0	3	0	0	0	0
2015-11-01	5635b9b19f91f663e9209f76	0	0	0	0	5	0	0	0	0
2015-11-01	5635b9bc50b28118e4213642	0	0	0	0	3	0	0	0	0
2015-11-01	5635b9c22caf19938320e01c	0	0	0	0	1	0	0	0	0
2015-11-01	5635b9c85f5f39498a20d6ab	0	0	0	0	2	0	0	0	0
2015-11-01	5635b9d60d65dedc6b20c5eb	0	0	0	0	4	0	0	0	0
2015-11-01	5635b9dcfcb06b5cdc218d56	0	0	0	0	4	0	0	0	0
2015-11-01	5635b9e1a2c611b3ee20f890	0	0	0	0	3	2	0	0	0
2015-11-01	5635b9e6b7a609500e2090cb	0	0	0	0	19	0	0	0	0
2015-11-01	5635b9ee74d770d67620eeb1	0	0	0	0	1	0	0	0	0
2015-11-01	5635b9f438d4c542f22097ef	0	0	0	0	2	0	0	0	0
2015-11-01	5635ba079c704148a4206ce9	0	0	0	0	6	0	0	0	0
2015-11-01	5635ba0b7396918d132159fe	0	0	0	0	10	0	0	0	0
2015-11-01	5635ba0f0a15a386ce206d13	0	0	0	0	7	0	0	0	0
2015-11-01	5635ba16faf5260cee21424e	0	0	0	0	4	0	0	0	0
2015-11-01	5635ba1cfcb06b2c48218ed3	0	4	0	0	4	6	0	0	0
2015-11-01	5635ba1e7396918d13215a94	0	0	0	0	3	0	0	0	0
2015-11-01	5635ba21be8ab5392e20e337	0	0	0	0	4	0	0	0	0
2015-11-01	5635ba368f1e18f96d2123c6	0	0	0	0	0	0	0	0	0
2015-11-01	5635ba3970b6bdd74720b599	0	1	1	0	3	1	0	0	0
2015-11-01	5635ba3ea0744c1f9720c6c6	0	0	0	0	50	0	0	0	0
2015-11-01	5635ba4474d770a65d20f0ad	0	58	0	0	4	12	0	0	0
2015-11-01	5635ba46974812737620d827	0	0	0	0	11	0	0	0	0
2015-11-01	5635ba5a81aeddd3bf2093ea	0	6	0	0	14	0	0	0	0
2015-11-01	5635ba5da0744c5b9120c7a9	0	0	0	0	9	0	0	0	0
2015-11-01	5635ba5e2ecd6258f0215fb0	0	0	0	0	42	0	0	0	0
2015-11-01	5635ba6240b19e24fa21156c	0	3	0	0	21	0	0	0	0
2015-11-01	5635ba670d65de96d820c9ec	0	0	0	0	4	0	0	0	0
2015-11-01	5635ba7238d4c534ad209b02	0	0	0	0	0	0	0	0	0
2015-11-01	5635ba7e50b28177ff213bc0	0	0	0	0	5	0	0	0	0
2015-11-01	5635ba8752cbed9f46216ede	0	0	0	0	8	0	0	0	0
2015-11-01	5635ba878c17947556219ac8	0	0	0	0	9	0	0	0	0
2015-11-01	5635ba900805cac65a210baf	0	0	0	0	6	0	0	0	0
2015-11-01	5635ba9e0d65deeea720cb2c	0	0	0	0	11	0	0	0	0
2015-11-01	5635baa5d9eb4cd6e820787e	0	0	0	0	3	0	0	0	0
2015-11-01	5635baa8d9eb4c3220207895	0	0	0	0	3	0	0	0	0
2015-11-01	5635baac671721d92c20d062	0	0	0	0	5	0	0	0	0
2015-11-01	5635baaf33c1447d8620e482	0	0	0	0	52	0	0	0	0
2015-11-01	5635bab638d4c59152209ce4	0	0	0	0	28	0	0	0	0
2015-11-01	5635babc5e3b18aed8206c2c	0	0	0	0	7	0	0	0	0
2015-11-01	5635bac2664f6a3ce020f16f	0	0	0	0	9	0	0	0	0
2015-11-01	5635bac70a15a33f522071cc	0	0	0	0	2	0	0	0	0
2015-11-01	5635bad587fd3f303a2183b7	0	0	0	0	3	0	0	0	0
2015-11-01	5635bae7fcb06b0099219438	0	0	0	0	29	0	0	0	0
2015-11-01	5635baf07396917c3f215f9d	0	0	0	0	5	0	0	0	0
2015-11-01	5635bb0ade33a5dd2f214f4c	0	8	0	0	6	1	0	0	0
2015-11-01	5635bb160805caeac6210f32	0	0	0	0	3	0	0	0	0
2015-11-01	5635bb16929db1917920656e	0	0	0	0	6	0	0	0	0
2015-11-01	5635bb195e3b18c925206ea4	0	0	0	0	4	0	0	0	0
2015-11-01	5635bb1c8c17943cbe219ea1	0	0	0	0	11	0	0	0	0
2015-11-01	5635bb2474d7702f7820f786	1	0	2	0	3	0	0	0	0
2015-11-01	5635bb2d9c7041461e207423	0	0	0	0	4	0	0	0	0
2015-11-01	5635bb3a4f54c0b781212875	0	0	0	0	7	0	0	0	0
2015-11-01	5635bb3b81aedd0a2a2099b4	0	0	0	0	4	0	0	0	0
2015-11-01	5635bb4b9adfff4ad220c5fe	0	2	0	1	4	0	0	0	0
2015-11-01	5635bb5bab07d742c8213b10	0	0	0	0	4	0	0	0	0
2015-11-01	5635bb5f0d65de631920d01b	0	0	0	0	6	0	0	0	0
2015-11-01	5635bb6052cbed9f46217467	0	0	0	0	11	0	0	0	0
2015-11-01	5635bb6a5fa09988d62091da	0	1	0	0	3	0	0	0	0
2015-11-01	5635bb6b9f91f6d81920aa3a	0	0	0	0	4	0	0	0	0
2015-11-01	5635bb6fc612e251f0211529	0	0	0	0	1	0	0	0	0
2015-11-01	5635bb709eea1c349521017b	0	1	0	0	3	0	0	0	0
2015-11-01	5635bb7733c1447d8620e9c2	0	28	0	0	5	0	0	0	0
2015-11-01	5635bb7aaaf4fc6b7920a0a1	0	0	0	0	6	0	0	0	0
